     0/119     11.5G   0.07546   0.04052   0.04974    0.1657       319       640     0.348     0.537    0.3867    0.1795   0.05411   0.02118   0.03126
     1/119     23.3G   0.05934   0.03584   0.02512    0.1203       306       640    0.3643    0.6454    0.4984    0.2388   0.04866   0.02204   0.02005
     2/119     23.3G   0.05426   0.03542   0.01902    0.1087       268       640    0.3632    0.6473    0.5196    0.2501   0.04759   0.02356   0.01844
     3/119     23.3G    0.0523   0.03624   0.01811    0.1067       276       640    0.2888    0.5272    0.3754    0.1646   0.05256   0.02647   0.02769
     4/119     23.3G   0.05224   0.03778   0.01917    0.1092       255       640    0.3036    0.4095    0.2758    0.1238   0.05845   0.02931   0.03094
     5/119     23.3G   0.05102   0.03833     0.018    0.1074       342       640    0.3522    0.4967    0.3703    0.1863   0.05174   0.02641   0.03182
     6/119     23.3G   0.04922   0.03686   0.01659    0.1027       294       640    0.4158    0.5917    0.4862    0.2563   0.04706   0.02328   0.01883
     7/119     23.3G   0.04831   0.03654   0.01574    0.1006       250       640    0.4155    0.5597    0.4475    0.2408   0.04649   0.02416   0.02251
     8/119     23.3G   0.04749   0.03613    0.0149   0.09852       272       640    0.4054    0.6278    0.5281    0.2787   0.04559   0.02315   0.01938
     9/119     23.3G   0.04688   0.03545   0.01421   0.09654       301       640     0.424    0.6521    0.5373    0.2886   0.04517   0.02268   0.01791
    10/119     23.3G   0.04662   0.03551   0.01393   0.09606       313       640    0.4968     0.633    0.5471    0.3066   0.04445   0.02201   0.01565
    11/119     23.3G   0.04615    0.0352   0.01343   0.09479       320       640    0.4878    0.6333    0.5616    0.3068   0.04476   0.02243   0.01716
    12/119     23.3G   0.04573   0.03489   0.01309   0.09371       278       640    0.4483    0.6771     0.588    0.3353   0.04279   0.02183   0.01512
    13/119     23.3G   0.04536   0.03467   0.01277    0.0928       372       640     0.439    0.6836    0.6007    0.3404   0.04259   0.02197   0.01544
    14/119     23.3G   0.04507   0.03461   0.01226   0.09194       287       640    0.4859    0.6863    0.6073    0.3444   0.04251   0.02151   0.01507
    15/119     23.3G   0.04466   0.03407   0.01209   0.09081       424       640    0.4983      0.68    0.6041    0.3397   0.04253   0.02125   0.01555
    16/119     23.3G   0.04463   0.03409   0.01206   0.09078       288       640     0.427    0.6025    0.5199    0.2855   0.04626   0.02315   0.01852
    17/119     23.3G    0.0444   0.03427   0.01163    0.0903       305       640    0.4859    0.7136    0.6368    0.3645   0.04195   0.02151   0.01298
    18/119     23.3G   0.04419    0.0337    0.0116   0.08949       244       640    0.4614    0.6743    0.5903    0.3452   0.04306   0.02153   0.01603
    19/119     23.3G    0.0439   0.03361    0.0113   0.08881       296       640    0.4822    0.7044    0.6236    0.3593   0.04218   0.02118   0.01334
    20/119     23.3G    0.0437   0.03343    0.0112   0.08834       297       640    0.5116    0.7223    0.6566     0.388   0.04128   0.02079   0.01263
    21/119     23.3G   0.04366   0.03366   0.01088    0.0882       269       640    0.4765     0.726    0.6492    0.3846   0.04123   0.02124   0.01328
    22/119     23.3G   0.04339   0.03316   0.01092   0.08747       386       640    0.4942    0.7053    0.6357     0.375   0.04128   0.02155    0.0137
    23/119     23.3G   0.04321   0.03338   0.01074   0.08733       414       640    0.4805    0.7315    0.6629    0.3947    0.0406   0.02093   0.01222
    24/119     23.3G   0.04314   0.03311   0.01054    0.0868       287       640    0.5328    0.7126    0.6486    0.3793    0.0419   0.02063   0.01259
    25/119     23.3G   0.04275    0.0331   0.01029   0.08614       253       640    0.5126     0.723    0.6646    0.4061   0.04016   0.02053   0.01221
    26/119     23.3G    0.0427   0.03285   0.01021   0.08575       406       640    0.5304    0.7301     0.668    0.4019    0.0403   0.02046   0.01244
    27/119     23.3G   0.04255   0.03266   0.01017   0.08538       365       640     0.544    0.7297     0.679    0.4109   0.04022   0.02048   0.01213
    28/119     23.3G   0.04256   0.03248   0.01015   0.08519       359       640    0.5314    0.7451    0.6811    0.4106   0.03989   0.02029   0.01137
    29/119     23.3G   0.04233   0.03228   0.01005   0.08465       349       640    0.5471    0.7279    0.6808    0.4102    0.0403   0.02021   0.01187
    30/119     23.3G   0.04229   0.03241  0.009961   0.08467       334       640    0.5247    0.7546    0.6921    0.4208   0.03944   0.02016   0.01152
    31/119     23.3G   0.04219   0.03251  0.009928   0.08463       234       640    0.5274    0.7529    0.6965    0.4266   0.03928    0.0203   0.01099
    32/119     23.3G   0.04221   0.03251  0.009817   0.08453       293       640    0.5452    0.7485     0.699    0.4283   0.03926   0.01999   0.01068
    33/119     23.3G   0.04174   0.03222  0.009546   0.08351       325       640    0.5728    0.7482    0.6991    0.4288   0.03944   0.02001    0.0108
    34/119     23.3G    0.0418   0.03196  0.009442    0.0832       332       640    0.5634    0.7647    0.7141     0.441   0.03904   0.01988   0.01058
    35/119     23.3G   0.04172   0.03191  0.009444   0.08307       306       640    0.5558     0.761    0.7074    0.4392   0.03905   0.01984   0.01056
    36/119     23.3G    0.0416   0.03214  0.009344   0.08309       271       640    0.5583    0.7546    0.7039    0.4331   0.03917   0.01994   0.01089
    37/119     23.3G   0.04142   0.03181  0.009103   0.08233       288       640    0.5622    0.7682    0.7155    0.4453   0.03882   0.01969   0.01065
    38/119     23.3G   0.04131    0.0317  0.008983   0.08199       268       640    0.5866    0.7539    0.7138    0.4444   0.03875    0.0198   0.01072
    39/119     23.3G   0.04127   0.03168  0.009079   0.08203       314       640    0.5612    0.7638    0.7129    0.4483   0.03857   0.01984   0.01049
    40/119     23.3G   0.04129    0.0317  0.008919    0.0819       286       640    0.5795    0.7589    0.7127    0.4404   0.03873    0.0198   0.01074
    41/119     23.3G   0.04083   0.03138  0.008891   0.08111       345       640    0.5689    0.7679    0.7152    0.4491   0.03834    0.0197   0.01059
    42/119     23.3G   0.04094   0.03147  0.008914   0.08133       326       640    0.5847    0.7675    0.7174    0.4456   0.03863   0.01968   0.01059
    43/119     23.3G    0.0407   0.03137  0.008674   0.08074       347       640     0.569    0.7673    0.7179    0.4493   0.03846   0.01972   0.01099
    44/119     23.3G    0.0408   0.03124  0.008604   0.08064       258       640    0.5863    0.7653    0.7194    0.4506   0.03855   0.01967   0.01064
    45/119     23.3G   0.04078   0.03125  0.008567   0.08059       339       640    0.5758    0.7729    0.7187      0.45   0.03849   0.01968   0.01086
    46/119     23.3G   0.04045   0.03096  0.008423   0.07983       293       640    0.5863    0.7731    0.7249    0.4544   0.03833   0.01956   0.01065
    47/119     23.3G   0.04052   0.03105  0.008425      0.08       289       640    0.5909    0.7744    0.7227    0.4578   0.03813   0.01961   0.01064
    48/119     23.3G   0.04035    0.0308  0.008536   0.07968       275       640    0.5803      0.77    0.7199     0.455   0.03813   0.01962   0.01065
    49/119     23.3G   0.04011   0.03066  0.008437    0.0792       287       640    0.5861    0.7766    0.7235    0.4552   0.03822   0.01958   0.01085
    50/119     23.3G   0.04024   0.03104  0.008216    0.0795       296       640    0.5948    0.7707    0.7249    0.4586   0.03824   0.01955   0.01077
    51/119     23.3G   0.03994   0.03073  0.008188   0.07885       339       640    0.5832    0.7761     0.725    0.4597   0.03821    0.0196   0.01089
    52/119     23.3G   0.03996   0.03072  0.008286   0.07896       406       640    0.5861    0.7723    0.7254    0.4605   0.03814   0.01961   0.01086
    53/119     23.3G   0.03966    0.0303  0.008014   0.07798       270       640    0.5914    0.7737    0.7266    0.4626   0.03817   0.01957   0.01113
    54/119     23.3G   0.03979    0.0304  0.007856   0.07804       248       640    0.5866    0.7709    0.7256    0.4631   0.03815   0.01957   0.01101
    55/119     23.3G   0.03969   0.03073   0.00801   0.07843       292       640    0.5836    0.7747     0.727    0.4639   0.03807    0.0195   0.01081
    56/119     23.3G   0.03961   0.03035  0.007828   0.07779       292       640    0.5865    0.7732    0.7272    0.4657   0.03804   0.01954   0.01074
    57/119     23.3G   0.03934   0.03016  0.007811   0.07732       274       640    0.5855    0.7775    0.7278    0.4663     0.038   0.01955   0.01069
    58/119     23.3G   0.03934   0.03014  0.007783   0.07726       322       640    0.5831    0.7801    0.7287    0.4651   0.03797   0.01956   0.01066
    59/119     23.3G   0.03912   0.02976  0.007617   0.07649       276       640     0.583    0.7781    0.7276    0.4645   0.03796   0.01957   0.01071
    60/119     23.3G   0.03922   0.03014  0.007516   0.07688       286       640    0.5843    0.7761    0.7267    0.4655   0.03792   0.01955   0.01084
    61/119     23.3G   0.03879   0.02981  0.007457   0.07606       299       640    0.5844    0.7746    0.7268    0.4657   0.03789   0.01956   0.01092
    62/119     23.3G   0.03876   0.02983  0.007375   0.07597       367       640    0.5892    0.7758    0.7262    0.4666   0.03789   0.01957   0.01088
    63/119     23.3G   0.03861   0.02975  0.007224   0.07558       334       640    0.5901    0.7741    0.7276    0.4664   0.03786   0.01959   0.01081
    64/119     23.3G   0.03871   0.02983  0.007285   0.07582       287       640    0.5895    0.7737    0.7282    0.4662   0.03784   0.01959    0.0108
    65/119     23.3G   0.03855   0.02934  0.007128   0.07502       259       640    0.5923    0.7754    0.7285    0.4668   0.03784   0.01959   0.01079
    66/119     23.3G   0.03842   0.02948  0.007211   0.07511       331       640    0.5953    0.7743    0.7277    0.4659   0.03785    0.0196    0.0108
    67/119     23.3G    0.0384   0.02932  0.007255   0.07498       391       640    0.5945    0.7761     0.728    0.4666   0.03784   0.01963   0.01084
    68/119     23.3G   0.03823   0.02928  0.006951   0.07446       337       640    0.5972     0.776    0.7289    0.4673   0.03783   0.01962   0.01084
