     0/119     11.5G   0.07532   0.04054   0.04972    0.1656       319       640    0.3336    0.5518    0.3932    0.1783   0.05336   0.02127   0.03123
     1/119     23.2G   0.05949   0.03575   0.02517    0.1204       306       640    0.3559     0.657    0.5082    0.2398   0.04846   0.02187   0.01938
     2/119     23.2G   0.05436   0.03544   0.01909    0.1089       268       640    0.3865     0.587    0.4704     0.218   0.05058   0.02313    0.0198
     3/119     23.2G   0.05229   0.03624   0.01811    0.1066       276       640    0.3052       0.5     0.355    0.1664    0.0513   0.02765   0.03044
     4/119     23.2G   0.05226   0.03775   0.01914    0.1091       255       640    0.3296    0.5449      0.39    0.1755    0.0524   0.02703   0.02321
     5/119     23.2G   0.05099   0.03831   0.01807    0.1074       342       640    0.3911    0.5268    0.4239    0.2105   0.04985    0.0244   0.02146
     6/119     23.2G   0.04933   0.03691   0.01667    0.1029       294       640    0.4021    0.5937    0.4953    0.2614   0.04675   0.02331   0.01981
     7/119     23.2G   0.04827   0.03656   0.01585    0.1007       250       640    0.3867     0.595    0.4693    0.2459   0.04666    0.0237   0.02097
     8/119     23.2G   0.04749   0.03616   0.01485   0.09849       272       640      0.41    0.6407     0.537    0.2799   0.04593   0.02314   0.01798
     9/119     23.2G   0.04684   0.03542   0.01421   0.09647       301       640    0.4365    0.6483     0.547    0.2985   0.04454   0.02252   0.01667
    10/119     23.2G   0.04661    0.0354   0.01383   0.09584       313       640    0.4536    0.6544    0.5663    0.3137   0.04392   0.02183    0.0155
    11/119     23.2G   0.04608   0.03514   0.01339    0.0946       320       640    0.4324    0.6665    0.5781    0.3185   0.04411   0.02243   0.01583
    12/119     23.2G   0.04576   0.03499   0.01314   0.09389       278       640    0.4252    0.6113    0.5107    0.2861   0.04521   0.02289   0.02011
    13/119     23.2G   0.04553   0.03465   0.01287   0.09305       372       640    0.4898    0.6929    0.6212     0.352   0.04267   0.02134   0.01484
    14/119     23.2G   0.04509   0.03462   0.01231   0.09202       287       640    0.4945    0.6847    0.6125    0.3429   0.04296   0.02161   0.01406
    15/119     23.2G   0.04475   0.03404    0.0121   0.09089       424       640    0.4863    0.7002     0.637    0.3635   0.04231   0.02145   0.01355
    16/119     23.2G   0.04463   0.03412   0.01204   0.09078       288       640    0.4514    0.6614    0.5807    0.3321   0.04313   0.02243   0.01502
    17/119     23.2G    0.0445   0.03422   0.01164   0.09036       305       640    0.5064    0.7095    0.6408    0.3725   0.04167   0.02128   0.01391
    18/119     23.2G   0.04423   0.03373   0.01167   0.08964       244       640    0.4445    0.7124    0.6261    0.3609   0.04192   0.02126   0.01335
    19/119     23.2G   0.04388   0.03366   0.01135    0.0889       296       640    0.4841    0.7101    0.6393    0.3719   0.04155   0.02115   0.01361
    20/119     23.2G   0.04362   0.03337   0.01114   0.08812       297       640    0.5019    0.7223    0.6528    0.3889   0.04083   0.02091   0.01252
    21/119     23.2G   0.04381   0.03374   0.01101   0.08856       269       640    0.4659    0.7458    0.6597    0.3885   0.04082   0.02126   0.01215
    22/119     23.2G   0.04341   0.03315   0.01093   0.08749       386       640    0.5165    0.7186    0.6552    0.3861   0.04086   0.02094   0.01219
    23/119     23.2G   0.04316   0.03332   0.01065   0.08713       414       640    0.5009    0.7227    0.6653    0.3957   0.04088   0.02086    0.0123
    24/119     23.2G   0.04313    0.0331   0.01055   0.08678       287       640    0.5321    0.7328    0.6686    0.4011   0.04063    0.0205    0.0121
    25/119     23.2G    0.0428   0.03308   0.01032    0.0862       253       640    0.5236    0.7369    0.6798    0.4102   0.04048   0.02043   0.01148
    26/119     23.2G   0.04268   0.03281   0.01022   0.08571       406       640    0.5615    0.7189    0.6775    0.4111   0.04062   0.02034   0.01147
    27/119     23.2G   0.04262   0.03271   0.01021   0.08555       365       640    0.5242    0.7204    0.6562     0.393   0.04083   0.02051     0.013
    28/119     23.2G   0.04262   0.03252   0.01024   0.08538       359       640    0.5227    0.7421    0.6811    0.4151   0.03981   0.02045    0.0114
    29/119     23.2G   0.04235   0.03234    0.0101    0.0848       349       640    0.5369    0.7409    0.6822    0.4163   0.04004   0.02038   0.01158
    30/119     23.2G   0.04217   0.03241  0.009944   0.08452       334       640    0.5421    0.7515     0.694    0.4245   0.03929   0.02029   0.01114
    31/119     23.2G   0.04218   0.03242  0.009806   0.08441       234       640    0.5374    0.7506    0.6961    0.4258   0.03963   0.01998   0.01098
    32/119     23.2G   0.04215   0.03244  0.009699   0.08428       293       640    0.5418    0.7566     0.703    0.4332   0.03905   0.02003   0.01096
    33/119     23.2G   0.04188   0.03224  0.009644   0.08376       325       640    0.5483    0.7555    0.7062    0.4347   0.03918   0.01988   0.01078
    34/119     23.2G   0.04183   0.03198  0.009484    0.0833       332       640    0.5675    0.7528    0.7044    0.4362   0.03919   0.01997   0.01126
    35/119     23.2G   0.04172   0.03198  0.009498    0.0832       306       640    0.5561    0.7552    0.7052    0.4351    0.0392   0.01999   0.01082
    36/119     23.2G   0.04157   0.03212  0.009342   0.08303       271       640    0.5744    0.7576    0.7099    0.4414   0.03879   0.01984   0.01106
    37/119     23.2G   0.04133   0.03183   0.00914    0.0823       288       640    0.5455    0.7619    0.7051    0.4439    0.0387   0.01993   0.01103
    38/119     23.2G   0.04139   0.03174  0.009093   0.08222       268       640    0.5568    0.7652    0.7105    0.4469    0.0387    0.0198   0.01104
    39/119     23.2G   0.04123   0.03168  0.009001    0.0819       314       640    0.5921    0.7568    0.7133    0.4522   0.03864   0.01975   0.01059
    40/119     23.2G   0.04128   0.03171  0.008941   0.08193       286       640    0.5568    0.7592    0.7074    0.4442   0.03876    0.0198   0.01053
    41/119     23.2G   0.04092   0.03141  0.008929   0.08126       345       640     0.576     0.765     0.715    0.4488   0.03838   0.01977   0.01028
    42/119     23.2G    0.0409   0.03152  0.008925   0.08134       326       640    0.5646    0.7642    0.7124    0.4492   0.03831    0.0197   0.01049
    43/119     23.2G   0.04073   0.03141  0.008723   0.08087       347       640    0.5702    0.7694    0.7193    0.4514   0.03848   0.01969   0.01058
    44/119     23.2G   0.04091   0.03128  0.008535   0.08072       258       640    0.5781    0.7683    0.7208    0.4541   0.03836   0.01972    0.0105
    45/119     23.2G   0.04081    0.0312  0.008492    0.0805       339       640    0.5754    0.7739    0.7219    0.4528   0.03833   0.01968   0.01062
    46/119     23.2G   0.04041   0.03094  0.008436   0.07978       293       640    0.5787    0.7728    0.7266     0.456   0.03824   0.01965   0.01055
    47/119     23.2G   0.04055   0.03104   0.00838   0.07996       289       640    0.5776    0.7681    0.7188    0.4509   0.03833   0.01968    0.0108
    48/119     23.2G   0.04038   0.03083  0.008499   0.07972       275       640    0.5698    0.7701    0.7198    0.4552   0.03827   0.01971   0.01084
    49/119     23.2G   0.04011   0.03068  0.008468   0.07926       287       640    0.5713    0.7784    0.7271    0.4584   0.03818   0.01965   0.01034
    50/119     23.2G   0.04022   0.03103  0.008169   0.07942       296       640     0.579    0.7811    0.7299    0.4601    0.0381   0.01966   0.01053
    51/119     23.2G   0.03988   0.03063  0.008153   0.07866       339       640    0.5828    0.7798    0.7302    0.4617   0.03815   0.01966   0.01058
    52/119     23.2G   0.03999   0.03075  0.008233   0.07898       406       640    0.5711      0.78    0.7287    0.4643   0.03798   0.01964   0.01043
    53/119     23.2G   0.03973   0.03035  0.008183   0.07826       270       640    0.5778    0.7786    0.7284     0.464    0.0381   0.01966   0.01052
    54/119     23.2G   0.03983   0.03041  0.007929   0.07818       248       640    0.5824    0.7769    0.7274    0.4641   0.03792   0.01965    0.0104
    55/119     23.2G   0.03968   0.03072   0.00796   0.07835       292       640    0.5767    0.7798    0.7292    0.4653   0.03788   0.01959   0.01025
    56/119     23.2G   0.03957    0.0303   0.00786   0.07773       292       640    0.5789    0.7776    0.7269    0.4658   0.03785   0.01963   0.01035
    57/119     23.2G   0.03936   0.03014  0.007815   0.07731       274       640    0.5815    0.7748    0.7277    0.4662   0.03776   0.01963   0.01031
    58/119     23.2G   0.03928   0.03008  0.007749   0.07711       322       640    0.5814    0.7751    0.7283    0.4643   0.03783   0.01966   0.01037
    59/119     23.2G   0.03918   0.02983  0.007658   0.07667       276       640    0.5807    0.7741    0.7291    0.4672   0.03775   0.01966   0.01055
    60/119     23.2G   0.03921   0.03009  0.007505   0.07681       286       640    0.5839    0.7755    0.7288    0.4676   0.03774   0.01968   0.01073
    61/119     23.2G    0.0388   0.02984  0.007418   0.07605       299       640    0.5884    0.7773     0.728    0.4675   0.03771   0.01968   0.01074
    62/119     23.2G   0.03878   0.02991  0.007459   0.07615       367       640    0.5867    0.7741    0.7279    0.4685   0.03775   0.01968   0.01069
    63/119     23.2G   0.03875   0.02979  0.007308   0.07584       334       640    0.5863     0.773    0.7281     0.469   0.03774    0.0197   0.01067
    64/119     23.2G   0.03871   0.02982  0.007221   0.07575       287       640    0.5863    0.7748    0.7286    0.4693   0.03771    0.0197   0.01058
    65/119     23.2G    0.0385   0.02939  0.007157   0.07504       259       640    0.5851    0.7745    0.7282    0.4687   0.03772   0.01972    0.0106
    66/119     23.2G   0.03843   0.02949  0.007205   0.07512       331       640    0.5842    0.7725    0.7273    0.4682   0.03774   0.01975   0.01058
    67/119     23.2G   0.03837   0.02918  0.007171   0.07472       391       640    0.5878    0.7753    0.7271     0.468   0.03775   0.01975   0.01055
    68/119     23.2G   0.03822   0.02922  0.006926   0.07436       337       640    0.5901    0.7747    0.7261    0.4681   0.03774   0.01977   0.01058
    69/119     23.2G    0.0382    0.0293   0.00693   0.07443       257       640    0.5894    0.7743    0.7265    0.4679   0.03774   0.01979   0.01064
    70/119     23.2G   0.03795   0.02912  0.006976   0.07405       306       640     0.593    0.7731    0.7254     0.468   0.03773   0.01979   0.01067
    71/119     23.2G   0.03778   0.02913  0.006874   0.07378       257       640     0.594    0.7744     0.726    0.4685   0.03773    0.0198   0.01073
    72/119     23.2G   0.03771    0.0291  0.006666   0.07348       348       640    0.5963    0.7733    0.7254    0.4686   0.03772   0.01981    0.0108
    73/119     23.2G   0.03763   0.02896  0.006716   0.07331       327       640    0.5965    0.7752    0.7261    0.4689   0.03769   0.01982   0.01084
    74/119     23.2G   0.03747   0.02867  0.006652    0.0728       276       640    0.5965     0.775    0.7262    0.4691   0.03769   0.01982   0.01084
    75/119     23.2G   0.03736   0.02904  0.006665   0.07307       256       640    0.5974    0.7744    0.7266    0.4701   0.03767   0.01982   0.01085
    76/119     23.2G   0.03715   0.02852  0.006618    0.0723       352       640    0.5975     0.774    0.7268    0.4698   0.03765   0.01983   0.01087
    77/119     23.2G   0.03716   0.02848  0.006513   0.07216       281       640     0.596    0.7727    0.7269    0.4697   0.03764   0.01983   0.01086
    78/119     23.2G   0.03708   0.02836   0.00642   0.07186       381       640    0.5967    0.7737    0.7271      0.47   0.03765   0.01984   0.01087
    79/119     23.2G   0.03694   0.02814  0.006437   0.07151       279       640    0.5975     0.772    0.7272    0.4703   0.03764   0.01985   0.01086
    80/119     23.2G   0.03683    0.0284  0.006395   0.07163       288       640    0.5989    0.7745    0.7274    0.4707   0.03765   0.01985   0.01086
    81/119     23.2G   0.03677   0.02822  0.006212    0.0712       288       640    0.6009    0.7746    0.7277    0.4713   0.03765   0.01985   0.01089
    82/119     23.2G   0.03654   0.02825  0.006165   0.07096       333       640    0.6034    0.7747    0.7278    0.4713   0.03765   0.01985   0.01089
    83/119     23.2G   0.03661   0.02804  0.006148   0.07079       342       640    0.6041    0.7741    0.7276    0.4714   0.03765   0.01986   0.01089
    84/119     23.2G   0.03648   0.02799  0.006194   0.07066       330       640    0.6058    0.7742     0.728    0.4716   0.03765   0.01988    0.0109
    85/119     23.2G   0.03628   0.02786   0.00601   0.07015       295       640    0.6055    0.7733    0.7272    0.4717   0.03763   0.01989   0.01091
    86/119     23.2G    0.0362   0.02799  0.005978   0.07017       313       640    0.6062    0.7724    0.7274    0.4719   0.03762   0.01989   0.01092
    87/119     23.2G   0.03603   0.02755  0.005917    0.0695       327       640    0.6074    0.7739    0.7282    0.4716   0.03762    0.0199   0.01093
    88/119     23.2G   0.03592   0.02738  0.005859   0.06916       273       640    0.6071     0.773    0.7285    0.4717   0.03762   0.01991   0.01095
    89/119     23.2G   0.03588   0.02749  0.005772   0.06914       298       640    0.6075    0.7727    0.7278    0.4718   0.03763   0.01992   0.01098
    90/119     23.2G   0.03557   0.02715  0.005791   0.06851       300       640    0.6085     0.772    0.7276     0.472   0.03763   0.01993     0.011
    91/119     23.2G   0.03548   0.02729  0.005758   0.06853       313       640    0.6089    0.7715    0.7276    0.4717   0.03763   0.01993   0.01101
    92/119     23.2G   0.03563   0.02737  0.005692    0.0687       315       640    0.6099    0.7716    0.7278    0.4715   0.03763   0.01994   0.01103
    93/119     23.2G   0.03536   0.02712  0.005665   0.06814       247       640    0.6102    0.7712    0.7276    0.4718   0.03764   0.01994   0.01104
    94/119     23.2G   0.03518   0.02695  0.005505   0.06764       325       640    0.6106    0.7705    0.7276    0.4721   0.03764   0.01995   0.01105
    95/119     23.2G   0.03515   0.02714  0.005609    0.0679       253       640    0.6113    0.7708    0.7279    0.4723   0.03765   0.01996   0.01106
    96/119     23.2G   0.03512   0.02694  0.005555   0.06761       283       640    0.6122    0.7713    0.7283     0.473   0.03764   0.01996   0.01107
    97/119     23.2G   0.03489   0.02679  0.005523    0.0672       275       640    0.6128    0.7706     0.728    0.4728   0.03765   0.01997   0.01108
    98/119     23.2G   0.03487   0.02686  0.005334   0.06707       262       640    0.6138    0.7703    0.7277    0.4728   0.03766   0.01998   0.01109
    99/119     23.2G   0.03475   0.02653  0.005324   0.06661       344       640    0.6144    0.7706    0.7283    0.4726   0.03766   0.01998    0.0111
   100/119     23.2G   0.03468   0.02644  0.005307   0.06643       320       640    0.6147     0.771    0.7283    0.4727   0.03766   0.01999   0.01111
   101/119     23.2G   0.03466   0.02643  0.005279   0.06637       269       640    0.6156     0.771    0.7279    0.4728   0.03766      0.02   0.01112
   102/119     23.2G    0.0346   0.02648  0.005285   0.06636       301       640    0.6169    0.7698    0.7276    0.4734   0.03767   0.02001   0.01114
   103/119     23.2G   0.03449   0.02646  0.005208   0.06616       278       640    0.6181    0.7694    0.7275    0.4733   0.03766   0.02001   0.01115
   104/119     23.2G   0.03422   0.02637  0.005101   0.06569       262       640    0.6185    0.7688    0.7278    0.4733   0.03767   0.02002   0.01117
   105/119     23.2G   0.03422   0.02612  0.005198   0.06553       251       640    0.6201    0.7692     0.729    0.4733   0.03767   0.02003   0.01119
   106/119     23.2G   0.03416   0.02609  0.005097   0.06534       309       640    0.6215     0.769    0.7288    0.4734   0.03768   0.02004    0.0112
   107/119     23.2G    0.0343    0.0263  0.005136   0.06574       299       640    0.6223    0.7679    0.7285    0.4732   0.03769   0.02005   0.01121
   108/119     23.2G   0.03409    0.0263  0.005045   0.06543       304       640    0.6235    0.7666    0.7284     0.473    0.0377   0.02006   0.01122
   109/119     23.2G    0.0339    0.0261  0.005007   0.06501       337       640    0.6247    0.7655    0.7281     0.473   0.03771   0.02007   0.01123
   110/119     23.2G   0.03404   0.02616  0.004999    0.0652       350       640    0.6267    0.7652    0.7282     0.473   0.03771   0.02008   0.01124
   111/119     23.2G   0.03375   0.02585   0.00501   0.06461       308       640    0.6273    0.7647    0.7279     0.473   0.03772   0.02009   0.01125
   112/119     23.2G   0.03373   0.02565   0.00503   0.06441       281       640    0.6281     0.764    0.7281    0.4731   0.03772    0.0201   0.01126
   113/119     23.2G   0.03381   0.02604  0.004928   0.06477       367       640    0.6291    0.7637    0.7278    0.4729   0.03773   0.02011   0.01127
   114/119     23.2G   0.03363   0.02602  0.004915   0.06456       360       640    0.6306     0.764    0.7279    0.4728   0.03774   0.02012   0.01128
   115/119     23.2G   0.03365   0.02569  0.004939   0.06428       323       640    0.6314    0.7636     0.728    0.4731   0.03774   0.02013   0.01129
   116/119     23.2G   0.03365   0.02575  0.004956   0.06436       255       640    0.6315    0.7629    0.7276    0.4728   0.03775   0.02014    0.0113
   117/119     23.2G   0.03365   0.02565  0.004891   0.06419       285       640    0.6317     0.762    0.7273    0.4726   0.03776   0.02016   0.01132
   118/119     23.2G   0.03364    0.0257   0.00491   0.06425       249       640    0.6333    0.7616    0.7271    0.4727   0.03776   0.02017   0.01133
   119/119     23.2G   0.03364   0.02568  0.004866   0.06419       275       640    0.6348    0.7614    0.7271    0.4729   0.03777   0.02018   0.01134
