0 0.198046875 0.5701388888888889 0.04140625 0.12638888888888888
0 0.134765625 0.5909722222222222 0.05234375 0.18333333333333332
0 0.10078125 0.6 0.04453125 0.16944444444444445
0 0.741015625 0.4895833333333333 0.04921875 0.2152777777777778
0 0.865625 0.4736111111111111 0.06796875 0.2708333333333333
0 0.90859375 0.4666666666666667 0.0453125 0.2611111111111111
0 0.30390625 0.6027777777777777 0.07109375 0.3819444444444444
0 0.512890625 0.5729166666666666 0.07421875 0.2986111111111111
0 0.559375 0.5625 0.0578125 0.2638888888888889
0 0.61796875 0.5541666666666667 0.04921875 0.2652777777777778
0 0.586328125 0.5638888888888889 0.06640625 0.3125
0 0.4 0.6208333333333333 0.23125 0.7555555555555555
0 0.803515625 0.5625 0.165625 0.6111111111111112
0 0.271875 0.6826388888888889 0.06953125 0.30277777777777776
0 0.68515625 0.6076388888888888 0.13125 0.5763888888888888