0 0.199609375 0.4097222222222222 0.04453125 0.12777777777777777
0 0.1359375 0.3972222222222222 0.05703125 0.18611111111111112
0 0.101953125 0.38819444444444445 0.04921875 0.17222222222222222
0 0.73203125 0.6152777777777778 0.05546875 0.21805555555555556
0 0.854296875 0.6645833333333333 0.075 0.27361111111111114
0 0.89609375 0.6805555555555556 0.053125 0.2611111111111111
0 0.295703125 0.4965277777777778 0.08203125 0.38333333333333336
0 0.500390625 0.5763888888888888 0.08203125 0.3013888888888889
0 0.546484375 0.5909722222222222 0.06484375 0.2652777777777778
0 0.60390625 0.6131944444444445 0.05703125 0.2652777777777778
0 0.571875 0.6055555555555555 0.075 0.3138888888888889
0 0.380859375 0.58125 0.25078125 0.8041666666666667
0 0.78046875 0.7034722222222223 0.1828125 0.5902777777777778
0 0.2515625 0.55625 0.078125 0.3055555555555556
0 0.659375 0.6993055555555555 0.146875 0.5805555555555556