0 0.714453125 0.23194444444444445 0.065625 0.2861111111111111
0 0.83671875 0.2152777777777778 0.05859375 0.2986111111111111
0 0.670703125 0.26944444444444443 0.065625 0.2638888888888889
0 0.528125 0.32708333333333334 0.07734375 0.35138888888888886
0 0.66953125 0.38055555555555554 0.06015625 0.2986111111111111
0 0.50390625 0.4222222222222222 0.0734375 0.2625
0 0.762109375 0.3770833333333333 0.08515625 0.3472222222222222
0 0.824609375 0.3659722222222222 0.08125 0.3402777777777778
0 0.643359375 0.4125 0.0578125 0.3055555555555556
0 0.573828125 0.4305555555555556 0.06953125 0.3416666666666667
0 0.21875 0.5319444444444444 0.0890625 0.31527777777777777
0 0.413671875 0.4951388888888889 0.05546875 0.25416666666666665
0 0.462890625 0.5111111111111111 0.08125 0.3388888888888889
0 0.375390625 0.5777777777777777 0.12421875 0.3638888888888889
0 0.28984375 0.6465277777777778 0.1125 0.39444444444444443
0 0.230078125 0.6722222222222223 0.04921875 0.3125
0 0.638671875 0.5958333333333333 0.1046875 0.36527777777777776
0 0.734375 0.5763888888888888 0.1234375 0.39861111111111114
0 0.201953125 0.6979166666666666 0.08046875 0.3736111111111111
0 0.371875 0.6625 0.1 0.36944444444444446
0 0.1640625 0.7076388888888889 0.08203125 0.4083333333333333
0 0.29609375 0.7055555555555556 0.0765625 0.3347222222222222
0 0.503125 0.6715277777777777 0.09296875 0.39166666666666666
0 0.435546875 0.7083333333333334 0.09140625 0.3486111111111111