0 0.30390625 0.44027777777777777 0.0296875 0.12083333333333333
0 0.117578125 0.5090277777777777 0.02109375 0.10138888888888889
0 0.21328125 0.47708333333333336 0.04296875 0.1375
0 0.291015625 0.45208333333333334 0.025 0.1
0 0.4875 0.39375 0.01796875 0.0625
0 0.50234375 0.3888888888888889 0.0203125 0.07777777777777778
0 0.459375 0.4048611111111111 0.03203125 0.10138888888888889
0 0.5203125 0.39375 0.0171875 0.06805555555555555
0 0.53203125 0.39305555555555555 0.0171875 0.06388888888888888
0 0.8140625 0.31527777777777777 0.06484375 0.28055555555555556
0 0.840625 0.32430555555555557 0.11171875 0.55
0 0.76640625 0.3527777777777778 0.09453125 0.32083333333333336
0 0.407421875 0.5333333333333333 0.2046875 0.9208333333333333
0 0.6078125 0.47291666666666665 0.22109375 0.8944444444444445