0 0.18046875 0.5715277777777777 0.0421875 0.18611111111111112
0 0.20703125 0.5840277777777778 0.0546875 0.2513888888888889
0 0.448046875 0.5298611111111111 0.04375 0.2111111111111111
0 0.154296875 0.6138888888888889 0.05 0.2263888888888889
0 0.471484375 0.5333333333333333 0.06953125 0.2652777777777778
0 0.556640625 0.5222222222222223 0.065625 0.2708333333333333
0 0.419140625 0.5618055555555556 0.06328125 0.25416666666666665
0 0.703125 0.49930555555555556 0.07109375 0.34444444444444444
0 0.815234375 0.4798611111111111 0.121875 0.4097222222222222
0 0.7546875 0.5069444444444444 0.09453125 0.4236111111111111
0 0.578125 0.5583333333333333 0.10859375 0.3402777777777778
0 0.515625 0.5770833333333333 0.09609375 0.3638888888888889
0 0.680078125 0.5409722222222222 0.09921875 0.4222222222222222
0 0.628125 0.5722222222222222 0.11640625 0.43194444444444446
0 0.387890625 0.6513888888888889 0.134375 0.5097222222222222
0 0.3453125 0.6729166666666667 0.13984375 0.5513888888888889
0 0.290625 0.7236111111111111 0.1390625 0.5319444444444444