0 0.433984375 0.5159722222222223 0.0921875 0.5875
0 0.59375 0.5340277777777778 0.075 0.4708333333333333
0 0.199609375 0.4986111111111111 0.05078125 0.34305555555555556
0 0.083984375 0.49027777777777776 0.04765625 0.33194444444444443
0 0.9578125 0.5715277777777777 0.0609375 0.4222222222222222
0 0.77734375 0.56875 0.09921875 0.5569444444444445
0 0.05546875 0.5111111111111111 0.1 0.45416666666666666
0 0.733203125 0.5756944444444444 0.1234375 0.6
0 0.036328125 0.5236111111111111 0.07265625 0.5555555555555556
0 0.84765625 0.6006944444444444 0.0671875 0.5236111111111111
0 0.871875 0.6027777777777777 0.059375 0.35833333333333334
0 0.16328125 0.5381944444444444 0.1578125 0.6722222222222223
0 0.936328125 0.6118055555555556 0.1046875 0.4652777777777778
0 0.250390625 0.5534722222222223 0.13046875 0.5875
0 0.671875 0.59375 0.08828125 0.4625
0 0.798046875 0.6083333333333333 0.1046875 0.5680555555555555
0 0.390625 0.5715277777777777 0.08359375 0.5888888888888889
0 0.544921875 0.5840277777777778 0.20234375 0.8291666666666667
0 0.34921875 0.5777777777777777 0.15 0.6319444444444444