0 0.700390625 0.2 0.078125 0.28888888888888886
0 0.821484375 0.1638888888888889 0.07265625 0.3
0 0.65859375 0.24375 0.07734375 0.26805555555555555
0 0.51953125 0.3236111111111111 0.09375 0.3541666666666667
0 0.66328125 0.3548611111111111 0.07421875 0.3
0 0.500390625 0.4215277777777778 0.084375 0.26805555555555555
0 0.755078125 0.3368055555555556 0.10078125 0.35138888888888886
0 0.816796875 0.31666666666666665 0.096875 0.3458333333333333
0 0.638671875 0.3909722222222222 0.071875 0.30694444444444446
0 0.5703125 0.41944444444444445 0.08515625 0.34305555555555556
0 0.221484375 0.5756944444444444 0.10234375 0.32222222222222224
0 0.4140625 0.5083333333333333 0.0671875 0.2569444444444444
0 0.463671875 0.5166666666666667 0.09609375 0.34305555555555556
0 0.3796875 0.5965277777777778 0.13984375 0.375
0 0.29765625 0.6784722222222223 0.1296875 0.4013888888888889
0 0.239453125 0.7131944444444445 0.06328125 0.3125
0 0.64296875 0.5736111111111111 0.1203125 0.37222222222222223
0 0.737109375 0.5395833333333333 0.140625 0.4083333333333333
0 0.212890625 0.74375 0.09765625 0.3763888888888889
0 0.38046875 0.68125 0.11640625 0.3763888888888889
0 0.175390625 0.7590277777777777 0.1 0.4111111111111111
0 0.30703125 0.7361111111111112 0.09140625 0.3375
0 0.51171875 0.6701388888888888 0.11015625 0.3972222222222222
0 0.44609375 0.7180555555555556 0.10625 0.3541666666666667