0 0.3046875 0.4340277777777778 0.028125 0.12083333333333333
0 0.1171875 0.49722222222222223 0.0203125 0.10138888888888889
0 0.213671875 0.46875 0.0421875 0.1361111111111111
0 0.29140625 0.44513888888888886 0.02421875 0.1
0 0.488671875 0.39375 0.0171875 0.0625
0 0.503125 0.3888888888888889 0.01953125 0.07777777777777778
0 0.46015625 0.4041666666666667 0.03125 0.10138888888888889
0 0.52109375 0.39444444444444443 0.01640625 0.06805555555555555
0 0.533203125 0.39375 0.01640625 0.06388888888888888
0 0.815625 0.325 0.0625 0.28055555555555556
0 0.8421875 0.3347222222222222 0.10703125 0.55
0 0.76796875 0.3611111111111111 0.0921875 0.32083333333333336
0 0.40703125 0.5305555555555556 0.19609375 0.9208333333333333
0 0.6078125 0.47638888888888886 0.21328125 0.8944444444444445