0 0.56484375 0.5284722222222222 0.0921875 0.5875
0 0.4046875 0.5159722222222223 0.075 0.4708333333333333
0 0.798828125 0.5541666666666667 0.05078125 0.34305555555555556
0 0.9140625 0.5680555555555555 0.04765625 0.33194444444444443
0 0.040234375 0.4861111111111111 0.0609375 0.4222222222222222
0 0.2203125 0.5173611111111112 0.09921875 0.5569444444444445
0 0.94140625 0.59375 0.1 0.45416666666666666
0 0.263671875 0.5319444444444444 0.1234375 0.6
0 0.96171875 0.6118055555555556 0.075 0.5569444444444445
0 0.1484375 0.5354166666666667 0.0671875 0.5236111111111111
0 0.12421875 0.5333333333333333 0.059375 0.35833333333333334
0 0.8328125 0.6006944444444444 0.1578125 0.6722222222222223
0 0.059375 0.5298611111111111 0.1046875 0.4652777777777778
0 0.744921875 0.5993055555555555 0.13046875 0.5875
0 0.323828125 0.5618055555555556 0.08828125 0.4625
0 0.197265625 0.5527777777777778 0.1046875 0.5680555555555555
0 0.604296875 0.5916666666666667 0.08359375 0.5888888888888889
0 0.45078125 0.5791666666666667 0.2015625 0.8347222222222223
0 0.645703125 0.6055555555555555 0.15 0.6319444444444444