0 0.2484375 0.43194444444444446 0.0140625 0.041666666666666664
0 0.149609375 0.4465277777777778 0.01953125 0.09305555555555556
0 0.335546875 0.5159722222222223 0.05546875 0.35833333333333334
0 0.515625 0.50625 0.040625 0.37083333333333335
0 0.479296875 0.5180555555555556 0.06171875 0.4041666666666667
0 0.692578125 0.5145833333333333 0.053125 0.37222222222222223
0 0.46015625 0.5347222222222222 0.07890625 0.48055555555555557
0 0.83515625 0.5263888888888889 0.06171875 0.4041666666666667
0 0.71640625 0.5368055555555555 0.0734375 0.37083333333333335
0 0.382421875 0.5590277777777778 0.11796875 0.5472222222222223
0 0.778125 0.5354166666666667 0.07421875 0.39444444444444443
0 0.6421875 0.54375 0.0796875 0.37916666666666665
0 0.552734375 0.5590277777777778 0.09765625 0.4486111111111111
0 0.894921875 0.5423611111111111 0.07265625 0.475