0 0.246875 0.45555555555555555 0.01484375 0.041666666666666664
0 0.1484375 0.4791666666666667 0.02265625 0.09444444444444444
0 0.3359375 0.53125 0.065625 0.3611111111111111
0 0.516015625 0.5041666666666667 0.0515625 0.3736111111111111
0 0.4796875 0.5201388888888889 0.0734375 0.4083333333333333
0 0.692578125 0.4965277777777778 0.0640625 0.375
0 0.4609375 0.5381944444444444 0.09296875 0.4847222222222222
0 0.835546875 0.4951388888888889 0.0734375 0.4083333333333333
0 0.7171875 0.5166666666666667 0.084375 0.375
0 0.384375 0.5694444444444444 0.13359375 0.5555555555555556
0 0.77890625 0.5097222222222222 0.08515625 0.39861111111111114
0 0.643359375 0.5305555555555556 0.090625 0.38472222222222224
0 0.554296875 0.5541666666666667 0.11015625 0.45555555555555555
0 0.895703125 0.5055555555555555 0.0859375 0.4791666666666667