0 0.197265625 0.5604166666666667 0.040625 0.125
0 0.133984375 0.5798611111111112 0.05078125 0.18333333333333332
0 0.1 0.5875 0.04296875 0.16944444444444445
0 0.741015625 0.4965277777777778 0.04765625 0.2152777777777778
0 0.866015625 0.4847222222222222 0.06484375 0.2708333333333333
0 0.908984375 0.4791666666666667 0.04296875 0.2611111111111111
0 0.303125 0.5965277777777778 0.06796875 0.3819444444444444
0 0.512109375 0.5729166666666666 0.07109375 0.2972222222222222
0 0.558984375 0.5645833333333333 0.05546875 0.2625
0 0.6171875 0.5576388888888889 0.046875 0.2638888888888889
0 0.585546875 0.5666666666666667 0.0640625 0.3111111111111111
0 0.398046875 0.6201388888888889 0.22421875 0.7569444444444444
0 0.802734375 0.5722222222222222 0.16015625 0.6083333333333333
0 0.269921875 0.6756944444444445 0.0671875 0.30277777777777776
0 0.684375 0.6138888888888889 0.12578125 0.5736111111111111