0 0.178515625 0.4722222222222222 0.028125 0.18194444444444444
0 0.203125 0.49236111111111114 0.0359375 0.24583333333333332
0 0.44609375 0.5138888888888888 0.028125 0.20833333333333334
0 0.1484375 0.5055555555555555 0.03359375 0.2222222222222222
0 0.468359375 0.5243055555555556 0.05 0.2569444444444444
0 0.553515625 0.5388888888888889 0.0453125 0.2638888888888889
0 0.414453125 0.5361111111111111 0.04453125 0.24722222222222223
0 0.700390625 0.5618055555555556 0.0453125 0.3388888888888889
0 0.8125 0.5777777777777777 0.0921875 0.39305555555555555
0 0.75 0.5854166666666667 0.0625 0.41388888888888886
0 0.57109375 0.58125 0.084375 0.325
0 0.5078125 0.5805555555555556 0.06953125 0.35138888888888886
0 0.6734375 0.5958333333333333 0.06796875 0.4111111111111111
0 0.619140625 0.6104166666666667 0.08515625 0.4166666666666667
0 0.374609375 0.6138888888888889 0.096875 0.4930555555555556
0 0.330859375 0.6222222222222222 0.1 0.5347222222222222
0 0.271875 0.6555555555555556 0.1 0.5138888888888888