0 0.26875 0.28055555555555556 0.046875 0.2777777777777778
0 0.14609375 0.2902777777777778 0.0390625 0.2916666666666667
0 0.31484375 0.30833333333333335 0.0484375 0.25555555555555554
0 0.46015625 0.3347222222222222 0.0546875 0.3416666666666667
0 0.3234375 0.41805555555555557 0.040625 0.2916666666666667
0 0.490625 0.4236111111111111 0.05625 0.25277777777777777
0 0.23125 0.43472222222222223 0.0625 0.33611111111111114
0 0.16875 0.4375 0.059375 0.33055555555555555
0 0.3515625 0.4444444444444444 0.0375 0.3
0 0.421875 0.44722222222222224 0.046875 0.3333333333333333
0 0.78125 0.4708333333333333 0.06875 0.30277777777777776
0 0.58515625 0.47638888888888886 0.0390625 0.24722222222222223
0 0.5375 0.5027777777777778 0.059375 0.3277777777777778
0 0.62890625 0.55 0.1015625 0.34444444444444444
0 0.71875 0.6 0.0875 0.37777777777777777
0 0.7796875 0.6125 0.028125 0.30833333333333335
0 0.36875 0.625 0.08125 0.35
0 0.27265625 0.6263888888888889 0.0984375 0.38055555555555554
0 0.809375 0.6319444444444444 0.05625 0.3638888888888889
0 0.63828125 0.6333333333333333 0.0765625 0.35555555555555557
0 0.84765625 0.6333333333333333 0.0546875 0.4
0 0.71640625 0.6597222222222222 0.0546875 0.325
0 0.50859375 0.6708333333333333 0.0671875 0.38055555555555554
0 0.578125 0.6930555555555555 0.06875 0.33611111111111114