0 0.6921875 0.41041666666666665 0.02421875 0.11944444444444445
0 0.881640625 0.45 0.01640625 0.10138888888888889
0 0.784375 0.43333333333333335 0.0375 0.13333333333333333
0 0.705859375 0.41944444444444445 0.0203125 0.1
0 0.50703125 0.3923611111111111 0.01484375 0.06111111111111111
0 0.492578125 0.38958333333333334 0.0171875 0.0763888888888889
0 0.5359375 0.3993055555555556 0.02734375 0.1
0 0.474609375 0.3972222222222222 0.0140625 0.06666666666666667
0 0.462890625 0.39791666666666664 0.01484375 0.0625
0 0.178125 0.3645833333333333 0.0515625 0.2791666666666667
0 0.15234375 0.37777777777777777 0.0859375 0.5486111111111112
0 0.22734375 0.39444444444444443 0.08125 0.31527777777777777
0 0.59375 0.51875 0.1625 0.9152777777777777
0 0.39140625 0.4895833333333333 0.18046875 0.8861111111111111