0 0.820703125 0.5520833333333334 0.0390625 0.18472222222222223
0 0.79453125 0.5659722222222222 0.05 0.25
0 0.55234375 0.5270833333333333 0.03984375 0.2111111111111111
0 0.84765625 0.5930555555555556 0.04609375 0.2263888888888889
0 0.529296875 0.53125 0.06484375 0.2638888888888889
0 0.44375 0.5256944444444445 0.0609375 0.26944444444444443
0 0.58203125 0.5569444444444445 0.05859375 0.25277777777777777
0 0.296875 0.5118055555555555 0.06484375 0.34444444444444444
0 0.184375 0.5 0.1140625 0.40694444444444444
0 0.245703125 0.5229166666666667 0.08671875 0.4222222222222222
0 0.423046875 0.5631944444444444 0.10234375 0.3375
0 0.4859375 0.5777777777777777 0.08984375 0.3611111111111111
0 0.320703125 0.5520833333333334 0.09140625 0.42083333333333334
0 0.3734375 0.5798611111111112 0.109375 0.42777777777777776
0 0.615234375 0.64375 0.125 0.5069444444444444
0 0.6578125 0.6631944444444444 0.13046875 0.5486111111111112
0 0.713671875 0.7104166666666667 0.1296875 0.5277777777777778