0 0.75078125 0.42430555555555555 0.0140625 0.04027777777777778
0 0.85 0.4361111111111111 0.01875 0.09166666666666666
0 0.66484375 0.5104166666666666 0.0515625 0.35694444444444445
0 0.484375 0.50625 0.0375 0.37083333333333335
0 0.52109375 0.5173611111111112 0.0578125 0.4027777777777778
0 0.307421875 0.5201388888888889 0.05 0.37083333333333335
0 0.540234375 0.5333333333333333 0.07421875 0.4791666666666667
0 0.165234375 0.5368055555555555 0.0578125 0.4027777777777778
0 0.283984375 0.5430555555555555 0.0703125 0.3680555555555556
0 0.618359375 0.5548611111111111 0.11328125 0.5430555555555555
0 0.222265625 0.5444444444444444 0.0703125 0.39166666666666666
0 0.358203125 0.5486111111111112 0.0765625 0.37777777777777777
0 0.44765625 0.5611111111111111 0.09375 0.44583333333333336
0 0.10546875 0.5541666666666667 0.06796875 0.4722222222222222