0 0.433203125 0.49722222222222223 0.14140625 0.5972222222222222
0 0.589453125 0.5597222222222222 0.11484375 0.4777777777777778
0 0.203515625 0.41458333333333336 0.0796875 0.3472222222222222
0 0.090234375 0.375 0.07578125 0.33611111111111114
0 0.94609375 0.6986111111111111 0.09609375 0.4263888888888889
0 0.76796875 0.6451388888888889 0.1453125 0.5680555555555555
0 0.064453125 0.38819444444444445 0.12890625 0.4708333333333333
0 0.723828125 0.6395833333333333 0.17265625 0.6166666666666667
0 0.049609375 0.39375 0.09921875 0.5625
0 0.834375 0.6958333333333333 0.11171875 0.5277777777777778
0 0.858203125 0.7048611111111112 0.08984375 0.36527777777777776
0 0.1640625 0.44375 0.2125 0.6958333333333333
0 0.92109375 0.73125 0.14296875 0.48055555555555557
0 0.248828125 0.48333333333333334 0.178125 0.6069444444444444
0 0.661328125 0.6402777777777777 0.1265625 0.4736111111111111
0 0.784765625 0.6902777777777778 0.15234375 0.5819444444444445
0 0.385546875 0.5402777777777777 0.1328125 0.5944444444444444
0 0.5359375 0.5819444444444445 0.2703125 0.8333333333333334
0 0.344140625 0.5347222222222222 0.2015625 0.6555555555555556