0 0.7046875 0.5171875 0.06171875 0.19296875
0 0.79140625 0.4421875 0.021875 0.07265625
0 0.82734375 0.41953125 0.0234375 0.034375
0 0.73515625 0.42578125 0.015625 0.0703125
0 0.65703125 0.43125 0.0171875 0.06640625
0 0.97109375 0.41796875 0.021875 0.05625
7 0.78984375 0.46484375 0.03359375 0.0609375
7 0.6921875 0.60625 0.11484375 0.17265625
7 0.825 0.44375 0.034375 0.05859375
7 0.97109375 0.4390625 0.0234375 0.05546875
1 0.31796875 0.4890625 0.07421875 0.0953125
8 0.15390625 0.38046875 0.03046875 0.33671875
10 0.4171875 0.52265625 0.01875 0.034375
10 0.47734375 0.51171875 0.0171875 0.03203125
10 0.5125 0.50390625 0.01640625 0.0296875
10 0.5484375 0.49609375 0.0140625 0.02734375
10 0.53671875 0.47734375 0.01171875 0.021875
10 0.49296875 0.4671875 0.0109375 0.02109375
10 0.6765625 0.44296875 0.0125 0.025
0 0.3734375 0.46953125 0.01640625 0.11328125
0 0.18671875 0.4640625 0.03671875 0.12890625
1 0.884375 0.43125 0.021875 0.04140625
0 0.93984375 0.41171875 0.01328125 0.05390625
14 0.62265625 0.4375 0.00390625 0.03125
14 0.61953125 0.4359375 0.003125 0.03203125
14 0.61640625 0.434375 0.003125 0.0328125
10 0.5296875 0.465625 0.009375 0.021875
0 0.5640625 0.40078125 0.00625 0.03359375
7 0.534375 0.4015625 0.01015625 0.03203125
