1 0.5296875 0.50625 0.20078125 0.478125
7 0.17109375 0.1265625 0.090625 0.190625
8 0.26328125 0.10859375 0.02578125 0.21640625
8 0.71328125 0.2859375 0.06015625 0.559375
4 0.9625 0.2484375 0.07421875 0.12421875
0 0.8703125 0.1921875 0.01640625 0.06953125
2 0.7875 0.184375 0.04140625 0.05546875
1 0.64375 0.42109375 0.16328125 0.36015625
1 0.7125 0.3890625 0.12265625 0.32421875
0 0.925 0.21640625 0.02109375 0.0859375
0 0.884375 0.19453125 0.02109375 0.05859375
4 0.89140625 0.20546875 0.0328125 0.0484375
4 0.90625 0.1890625 0.02421875 0.0453125
