3 0.55859375 0.73203125 0.2515625 0.50234375
3 0.490625 0.45546875 0.125 0.16484375
3 0.4265625 0.32421875 0.065625 0.10625
3 0.4265625 0.24453125 0.028125 0.04765625
4 0.38359375 0.23046875 0.0296875 0.01875
4 0.56875 0.32890625 0.0125 0.025
3 0.43828125 0.38984375 0.0671875 0.11640625
11 0.75625 0.70546875 0.028125 0.03984375
14 0.05546875 0.88515625 0.0171875 0.1
14 0.15390625 0.84296875 0.0171875 0.09765625
14 0.2171875 0.79765625 0.015625 0.09140625
14 0.2484375 0.75078125 0.0125 0.08515625
14 0.26171875 0.7125 0.0140625 0.07890625
8 0.071875 0.796875 0.021875 0.15625
