0 0.5140625 0.5703125 0.0625 0.6328125
0 0.44453125 0.65703125 0.0828125 0.64765625
0 0.3890625 0.5984375 0.075 0.57578125
0 0.44453125 0.33515625 0.0390625 0.25390625
0 0.18125 0.61171875 0.0625 0.44296875
0 0.265625 0.55859375 0.053125 0.178125
0 0.2984375 0.5265625 0.05625 0.08359375
11 0.24296875 0.15703125 0.0609375 0.1625
13 0.94453125 0.46953125 0.0828125 0.0984375
8 0.575 0.26875 0.028125 0.52265625
8 0.728125 0.3921875 0.025 0.2765625
8 0.83828125 0.36328125 0.0140625 0.2421875
8 0.2546875 0.50546875 0.028125 0.5265625
