0 0.6734375 0.93984375 0.078125 0.11640625
0 0.596875 0.96015625 0.059375 0.075
0 0.03515625 0.90546875 0.0203125 0.06015625
0 0.9171875 0.92109375 0.015625 0.06640625
0 0.93046875 0.909375 0.0109375 0.03984375
0 0.1421875 0.92265625 0.01875 0.03359375
4 0.29765625 0.92890625 0.0796875 0.07109375
4 0.45703125 0.92109375 0.0671875 0.0625
4 0.40546875 0.9125 0.0546875 0.05
4 0.47265625 0.88984375 0.0328125 0.02109375
4 0.51640625 0.90078125 0.0265625 0.06015625
4 0.54921875 0.915625 0.0546875 0.04375
4 0.5765625 0.903125 0.025 0.03125
4 0.5734375 0.878125 0.021875 0.01875
4 0.61484375 0.90234375 0.0390625 0.0375
4 0.728125 0.915625 0.053125 0.06484375
4 0.671875 0.88046875 0.0375 0.03984375
4 0.7890625 0.87890625 0.025 0.03359375
0 0.15078125 0.9125 0.0140625 0.05859375
4 0.35390625 0.91640625 0.0515625 0.05
4 0.4171875 0.89140625 0.834375 0.075
8 0.5546875 0.50234375 0.065625 0.99140625
8 0.878125 0.5 0.1 0.99609375
