11 0.64453125 0.734375 0.4890625 0.440625
4 0.24375 0.93828125 0.48203125 0.1203125
4 0.09609375 0.8875 0.1921875 0.025
4 0.70703125 0.93671875 0.49140625 0.1234375
4 0.9328125 0.89921875 0.09609375 0.0359375
4 0.89375 0.95859375 0.20703125 0.0796875
4 0.07890625 0.92578125 0.1578125 0.0546875
4 0.30234375 0.85859375 0.08671875 0.0140625
4 0.97890625 0.88984375 0.0375 0.0609375
4 0.409375 0.88046875 0.13203125 0.0328125
4 0.875 0.87265625 0.084375 0.0234375
8 0.19375 0.728125 0.02578125 0.15625
