4 0.36875 0.7734375 0.10234375 0.1234375
4 0.5453125 0.75703125 0.10625 0.09609375
4 0.4296875 0.74765625 0.03984375 0.0359375
4 0.27578125 0.7640625 0.05234375 0.0328125
4 0.04296875 0.78203125 0.0578125 0.0453125
4 0.015625 0.77890625 0.03125 0.0390625
4 0.11171875 0.75234375 0.0796875 0.0390625
6 0.69765625 0.7375 0.01171875 0.0390625
4 0.0671875 0.7609375 0.021875 0.02109375
4 0.31328125 0.74296875 0.0140625 0.01484375
13 0.36796875 0.775 0.10390625 0.1203125
8 0.171875 0.51171875 0.04375 0.6578125
8 0.12578125 0.74453125 0.0203125 0.21015625
14 0.109375 0.83046875 0.0140625 0.05703125
