4 0.21953125 0.44140625 0.1203125 0.10390625
4 0.296875 0.41875 0.071875 0.075
4 0.43203125 0.390625 0.0359375 0.03125
4 0.678125 0.40234375 0.08125 0.0375
4 0.96640625 0.42109375 0.0640625 0.12890625
4 0.43984375 0.38515625 0.0328125 0.03359375
4 0.63984375 0.39140625 0.0703125 0.0375
4 0.58828125 0.38671875 0.0171875 0.03515625
4 0.58203125 0.38203125 0.0171875 0.03515625
4 0.4640625 0.38125 0.01875 0.025
4 0.60703125 0.38515625 0.0484375 0.04140625
11 0.503125 0.30703125 0.059375 0.08125
1 0.1140625 0.453125 0.040625 0.07734375
