4 0.27578125 0.3375 0.0390625 0.0359375
4 0.728125 0.3109375 0.059375 0.03359375
4 0.778125 0.3140625 0.078125 0.04453125
4 0.82890625 0.3109375 0.0734375 0.04453125
4 0.8703125 0.30390625 0.05 0.025
4 0.93203125 0.3015625 0.0828125 0.05859375
4 0.58984375 0.33203125 0.0734375 0.046875
4 0.7 0.309375 0.06875 0.0359375
4 0.66640625 0.309375 0.0734375 0.03046875
4 0.08046875 0.353125 0.0359375 0.0390625
4 0.35859375 0.3375 0.0296875 0.025
4 0.9765625 0.30546875 0.03125 0.04453125
4 0.625 0.328125 0.0625 0.05546875
13 0.9296875 0.30390625 0.078125 0.053125
11 0.13828125 0.3109375 0.0109375 0.028125
4 0.55859375 0.3015625 0.7359375 0.11953125
