9 0.33203125 0.82734375 0.18515625 0.228125
9 0.81328125 0.7796875 0.13828125 0.1578125
9 0.11328125 0.78359375 0.11484375 0.14375
9 0.509375 0.76171875 0.0796875 0.11484375
9 0.71171875 0.58828125 0.0734375 0.10703125
9 0.96484375 0.59453125 0.0546875 0.11328125
9 0.37265625 0.58828125 0.08203125 0.10390625
9 0.15390625 0.58828125 0.07734375 0.1015625
4 0.146875 0.46875 0.27109375 0.15859375
4 0.5265625 0.45234375 0.10859375 0.06484375
4 0.909375 0.4453125 0.1609375 0.071875
8 0.9453125 0.428125 0.02265625 0.128125
9 0.121875 0.19921875 0.16328125 0.20546875
9 0.52265625 0.17890625 0.1265625 0.15546875
9 0.778125 0.16796875 0.11015625 0.13046875
9 0.9578125 0.1578125 0.071875 0.1078125
4 0.76796875 0.0921875 0.45546875 0.1796875
4 0.85078125 0.43828125 0.1390625 0.0578125
4 0.975 0.73125 0.04453125 0.09375
8 0.35234375 0.40234375 0.01640625 0.12890625
