11 0.58828125 0.73203125 0.03984375 0.0328125
4 0.29765625 0.85859375 0.1875 0.0984375
4 0.35234375 0.75625 0.09140625 0.059375
4 0.315625 0.72890625 0.08125 0.0484375
4 0.259375 0.69296875 0.07265625 0.0390625
4 0.33515625 0.74375 0.08359375 0.05
4 0.19375 0.6015625 0.05859375 0.01875
4 0.05390625 0.6 0.04140625 0.021875
4 0.046875 0.6828125 0.02734375 0.046875
6 0.24375 0.890625 0.0375 0.0625
13 0.23515625 0.6671875 0.08359375 0.05
4 0.253125 0.84765625 0.13125 0.0890625
4 0.875 0.84921875 0.0875 0.1453125
4 0.2 0.65703125 0.05 0.0390625
6 0.83671875 0.7828125 0.01484375 0.028125
4 0.165625 0.62734375 0.05234375 0.0328125
8 0.92734375 0.45234375 0.14140625 0.9015625
