4 0.5703125 0.58125 0.10390625 0.05078125
3 0.2421875 0.6140625 0.4796875 0.35625
13 0.2421875 0.61015625 0.484375 0.3328125
4 0.77265625 0.5640625 0.05390625 0.053125
4 0.82109375 0.5625 0.05390625 0.05546875
4 0.72265625 0.56484375 0.05 0.034375
4 0.07109375 0.796875 0.1421875 0.27421875
8 0.6453125 0.59140625 0.02578125 0.27890625
8 0.1828125 0.4890625 0.09375 0.978125
8 0.53125 0.54765625 0.0140625 0.196875
8 0.6703125 0.52109375 0.0203125 0.24453125
8 0.81796875 0.3234375 0.02421875 0.5984375
