4 0.13828125 0.63125 0.0671875 0.06484375
4 0.878125 0.65625 0.240625 0.296875
4 0.45 0.62265625 0.046875 0.06796875
4 0.540625 0.62890625 0.059375 0.10703125
4 0.49765625 0.62734375 0.0515625 0.08828125
4 0.4234375 0.61484375 0.01875 0.05234375
4 0.39609375 0.625 0.0234375 0.02578125
4 0.31953125 0.615625 0.0234375 0.03359375
4 0.35546875 0.61875 0.0171875 0.02890625
0 0.57890625 0.7421875 0.1515625 0.45859375
4 0.6640625 0.64609375 0.08125 0.11484375
4 0.18515625 0.61953125 0.0421875 0.0625
4 0.6546875 0.6 0.046875 0.04921875
0 0.1453125 0.609375 0.009375 0.01015625
4 0.23671875 0.62109375 0.0453125 0.06015625
4 0.3078125 0.615625 0.2125 0.0546875
8 0.7703125 0.296875 0.040625 0.58359375
