9 0.6390625 0.41953125 0.01640625 0.0609375
9 0.56484375 0.45234375 0.03125 0.11171875
9 0.50234375 0.54609375 0.04375 0.13671875
4 0.10859375 0.38828125 0.2171875 0.1578125
4 0.2921875 0.36875 0.14921875 0.11171875
4 0.47734375 0.35625 0.08359375 0.06640625
4 0.5421875 0.3515625 0.05 0.05546875
4 0.57421875 0.346875 0.02890625 0.04609375
4 0.61796875 0.34375 0.03125 0.03828125
8 0.55625 0.25625 0.00703125 0.134375
4 0.65703125 0.340625 0.02109375 0.03125
7 0.9671875 0.48828125 0.06484375 0.1734375
