11 0.20859375 0.12578125 0.30390625 0.2265625
11 0.34765625 0.19921875 0.15859375 0.1796875
11 0.471875 0.2703125 0.09765625 0.125
11 0.546875 0.30546875 0.04765625 0.1015625
11 0.59375 0.3328125 0.03359375 0.084375
11 0.61328125 0.35390625 0.04375 0.0671875
11 0.51015625 0.29140625 0.07890625 0.1109375
11 0.58125 0.33359375 0.08359375 0.0921875
11 0.421875 0.23515625 0.13125 0.1484375
8 0.228125 0.6140625 0.09765625 0.75625
8 0.334375 0.6078125 0.07265625 0.665625
8 0.40859375 0.5796875 0.05390625 0.55
8 0.46484375 0.5640625 0.05859375 0.46875
8 0.50078125 0.55390625 0.04765625 0.4078125
8 0.53359375 0.5390625 0.04609375 0.365625
8 0.55859375 0.5328125 0.04140625 0.33125
