9 0.6484375 0.74375 0.140625 0.44375
9 0.31484375 0.33515625 0.0703125 0.1921875
9 0.2046875 0.19375 0.0421875 0.11640625
9 0.13046875 0.128125 0.02734375 0.071875
9 0.09609375 0.08828125 0.021875 0.053125
4 0.48125 0.07890625 0.1828125 0.15546875
9 0.63359375 0.11015625 0.02578125 0.06953125
4 0.75546875 0.16875 0.0921875 0.29296875
4 0.60234375 0.0328125 0.0984375 0.0625
7 0.23984375 0.0578125 0.04296875 0.096875
7 0.1859375 0.03359375 0.02578125 0.06015625
3 0.35859375 0.02890625 0.10078125 0.053125
9 0.34765625 0.046875 0.01328125 0.03515625
9 0.2953125 0.03203125 0.0109375 0.03359375
