4 0.84765625 0.615625 0.1859375 0.16875
4 0.68046875 0.52265625 0.1046875 0.0796875
7 0.2796875 0.4703125 0.1375 0.1375
3 0.4890625 0.44609375 0.3375 0.2421875
3 0.22890625 0.37421875 0.3015625 0.1890625
3 0.81328125 0.4875 0.1390625 0.1
3 0.6703125 0.46171875 0.04375 0.0765625
0 0.9265625 0.6171875 0.08125 0.21875
0 0.72734375 0.50078125 0.0265625 0.0265625
0 0.6546875 0.48828125 0.0125 0.0109375
4 0.6984375 0.47890625 0.021875 0.0265625
13 0.8484375 0.5390625 0.15 0.078125
3 0.946875 0.503125 0.0625 0.05625
