10 0.56953125 0.459375 0.028125 0.0484375
10 0.62421875 0.46328125 0.02890625 0.05625
10 0.703125 0.4671875 0.03515625 0.06171875
1 0.25 0.6140625 0.10390625 0.2953125
8 0.153125 0.47734375 0.08203125 0.9359375
0 0.196875 0.4046875 0.02109375 0.090625
4 0.4078125 0.378125 0.03671875 0.04296875
4 0.48828125 0.38203125 0.03515625 0.0546875
7 0.46640625 0.3984375 0.02109375 0.0453125
0 0.46640625 0.38125 0.01875 0.05390625
8 0.32890625 0.446875 0.01640625 0.39921875
1 0.2875 0.5625 0.10234375 0.225
1 0.321875 0.5359375 0.08203125 0.2140625
2 0.31953125 0.3875 0.03671875 0.0453125
8 0.52109375 0.29296875 0.01015625 0.24375
