4 0.775 0.97734375 0.134375 0.03984375
4 0.21171875 0.9796875 0.115625 0.034375
4 0.58515625 0.953125 0.034375 0.06640625
4 0.665625 0.9734375 0.0359375 0.04765625
4 0.31875 0.96171875 0.04609375 0.0296875
4 0.365625 0.965625 0.03203125 0.02109375
4 0.08828125 0.96640625 0.04765625 0.03984375
13 0.83671875 0.971875 0.0578125 0.0453125
13 0.7546875 0.9640625 0.1140625 0.05078125
11 0.77109375 0.85859375 0.0296875 0.04765625
8 0.490625 0.55078125 0.1703125 0.88828125
8 0.11328125 0.58515625 0.06171875 0.78671875
