2 0.56484375 0.6859375 0.29375 0.48125
8 0.39765625 0.303125 0.0390625 0.50546875
0 0.2984375 0.36015625 0.021875 0.05
7 0.678125 0.38203125 0.05234375 0.0953125
7 0.8640625 0.39296875 0.084375 0.1234375
7 0.61796875 0.38046875 0.05234375 0.06484375
7 0.509375 0.365625 0.02578125 0.05390625
4 0.5453125 0.3515625 0.03984375 0.0546875
1 0.75234375 0.403125 0.04296875 0.08984375
1 0.72421875 0.4015625 0.025 0.084375
8 0.43125 0.3359375 0.03828125 0.55078125
2 0.31953125 0.38203125 0.03046875 0.04921875
