9 0.48125 0.37578125 0.07578125 0.23203125
9 0.31796875 0.2171875 0.046875 0.1359375
9 0.2375 0.13671875 0.02578125 0.09296875
9 0.1765625 0.09375 0.02421875 0.0640625
9 0.1453125 0.06171875 0.01640625 0.04609375
9 0.98828125 0.13203125 0.02265625 0.09453125
9 0.6171875 0.06640625 0.01875 0.06015625
9 0.53828125 0.05234375 0.01640625 0.053125
4 0.44375 0.06171875 0.17734375 0.1234375
4 0.3296875 0.03046875 0.05859375 0.0609375
7 0.95 0.03359375 0.09296875 0.0609375
7 0.2109375 0.02109375 0.021875 0.0421875
7 0.2375 0.015625 0.01640625 0.03046875
7 0.18984375 0.01328125 0.0125 0.02578125
