2 0.0203125 0.66328125 0.0203125 0.10078125
3 0.509375 0.5359375 0.20234375 0.10078125
0 0.0203125 0.61640625 0.03984375 0.11953125
0 0.303125 0.6328125 0.0421875 0.03984375
0 0.61484375 0.69921875 0.06171875 0.0609375
0 0.81328125 0.703125 0.06171875 0.07421875
4 0.503125 0.79609375 0.38203125 0.38203125
4 0.84921875 0.728125 0.29765625 0.2359375
4 0.31484375 0.7015625 0.18203125 0.2203125
4 0.659375 0.6734375 0.14609375 0.1484375
4 0.27265625 0.6234375 0.1421875 0.190625
4 0.16796875 0.61171875 0.03203125 0.0875
4 0.1421875 0.58125 0.05234375 0.05859375
4 0.1078125 0.57421875 0.0640625 0.05546875
4 0.509375 0.59921875 0.12578125 0.0375
4 0.05 0.59453125 0.04765625 0.0796875
4 0.19921875 0.62890625 0.0296875 0.12734375
3 0.421875 0.509375 0.13203125 0.14296875
13 0.8 0.41796875 0.3921875 0.40546875
4 0.2328125 0.5171875 0.034375 0.0265625
13 0.77265625 0.86328125 0.45 0.26796875
4 0.0296875 0.62265625 0.059375 0.1265625
4 0.25078125 0.5265625 0.4140625 0.2625
8 0.5796875 0.3484375 0.028125 0.26796875
