1 0.6 0.63671875 0.2921875 0.72421875
0 0.45703125 0.15703125 0.05703125 0.1890625
7 0.4578125 0.20546875 0.0609375 0.1484375
8 0.1828125 0.146875 0.04765625 0.28671875
0 0.89765625 0.07734375 0.0609375 0.1359375
7 0.903125 0.11796875 0.0796875 0.103125
4 0.23515625 0.08359375 0.0328125 0.0453125
1 0.975 0.0875 0.04375 0.08203125
7 0.19609375 0.125 0.021875 0.0703125
2 0.821875 0.08359375 0.05078125 0.0734375
2 0.6796875 0.0796875 0.04765625 0.0609375
4 0.7953125 0.04609375 0.10703125 0.08359375
4 0.7515625 0.0453125 0.08515625 0.07421875
4 0.7046875 0.05078125 0.08359375 0.06953125
4 0.63359375 0.0515625 0.0875 0.06953125
4 0.58125 0.0546875 0.05703125 0.0515625
4 0.5328125 0.05546875 0.05078125 0.05078125
0 0.19453125 0.09609375 0.01953125 0.04609375
