11 0.3125 0.215625 0.159375 0.21015625
4 0.1265625 0.490625 0.225 0.26484375
4 0.37265625 0.44921875 0.0953125 0.10625
13 0.671875 0.37890625 0.2625 0.3625
0 0.45234375 0.51328125 0.2953125 0.66484375
0 0.659375 0.15859375 0.046875 0.10390625
0 0.2328125 0.45 0.028125 0.12109375
13 0.12421875 0.4875 0.2328125 0.24140625
13 0.37265625 0.44375 0.0953125 0.1125
11 0.24375 0.38515625 0.025 0.04140625
8 0.32890625 0.53671875 0.0484375 0.58515625
8 0.8640625 0.23359375 0.046875 0.4625
8 0.7265625 0.115625 0.021875 0.23125
8 0.09296875 0.1875 0.0234375 0.3
