11 0.6140625 0.26796875 0.171875 0.4
11 0.95 0.36171875 0.09609375 0.34765625
11 0.18203125 0.7640625 0.16796875 0.2796875
11 0.07578125 0.671875 0.13203125 0.36015625
11 0.74765625 0.1203125 0.13203125 0.14375
11 0.834375 0.35625 0.084375 0.34375
11 0.88984375 0.3578125 0.04375 0.371875
11 0.76015625 0.34375 0.171875 0.37578125
11 0.92421875 0.17421875 0.03984375 0.13984375
11 0.95703125 0.21796875 0.05390625 0.24375
11 0.31328125 0.42421875 0.18203125 0.3359375
8 0.6421875 0.71796875 0.04765625 0.53984375
8 0.42421875 0.79375 0.128125 0.39609375
