11 0.8765625 0.3375 0.04375 0.05859375
4 0.78828125 0.57421875 0.2171875 0.21015625
4 0.36015625 0.44765625 0.0765625 0.07890625
4 0.659375 0.440625 0.059375 0.07265625
4 0.38984375 0.44140625 0.0609375 0.08359375
4 0.48984375 0.44453125 0.0203125 0.01875
4 0.55078125 0.446875 0.0546875 0.01484375
6 0.08046875 0.475 0.0203125 0.05
11 0.6734375 0.396875 0.0125 0.01484375
4 0.63046875 0.43359375 0.0140625 0.02890625
11 0.7296875 0.37109375 0.01875 0.02890625
8 0.878125 0.44140625 0.01875 0.15859375
8 0.1828125 0.35390625 0.015625 0.30859375
