11 0.64765625 0.54609375 0.0421875 0.1109375
8 0.6421875 0.79765625 0.01875 0.39921875
14 0.57734375 0.915625 0.0265625 0.16328125
14 0.696875 0.9046875 0.025 0.16328125
14 0.78828125 0.8890625 0.0203125 0.14921875
14 0.84921875 0.87421875 0.0171875 0.13046875
14 0.88984375 0.85859375 0.0140625 0.121875
14 0.909375 0.84765625 0.0125 0.1109375
14 0.69921875 0.78984375 0.0109375 0.071875
14 0.59921875 0.7796875 0.0078125 0.0640625
1 0.4859375 0.76171875 0.01875 0.071875
14 0.53828125 0.77109375 0.0078125 0.0578125
14 0.6078125 0.76484375 0.00625 0.05
14 0.465625 0.753125 0.009375 0.05
14 0.775 0.77109375 0.00625 0.0578125
14 0.79765625 0.8015625 0.0109375 0.075
