4 0.478125 0.66328125 0.940625 0.52265625
4 0.25390625 0.32578125 0.5078125 0.18125
4 0.6296875 0.31328125 0.09375 0.11015625
4 0.9359375 0.31171875 0.125 0.08984375
4 0.5734375 0.31328125 0.125 0.09375
4 0.49140625 0.290625 0.1046875 0.08984375
4 0.190625 0.49765625 0.38125 0.35390625
4 0.2875 0.27109375 0.0375 0.02109375
4 0.4046875 0.30546875 0.021875 0.06015625
4 0.8921875 0.278125 0.040625 0.02734375
4 0.89453125 0.253125 0.0609375 0.01484375
13 0.26015625 0.32734375 0.5203125 0.2
11 0.115625 0.23203125 0.009375 0.01484375
4 0.315625 0.27734375 0.046875 0.02890625
4 0.50859375 0.31796875 0.0421875 0.06484375
4 0.61015625 0.30546875 0.7703125 0.13984375
8 0.20078125 0.12265625 0.0296875 0.2453125
8 0.14375 0.140625 0.021875 0.19375
8 0.12265625 0.171875 0.0203125 0.11875
8 0.96328125 0.37578125 0.0296875 0.39375
