11 0.9578125 0.66328125 0.05 0.0296875
4 0.5046875 0.73125 0.2921875 0.0578125
4 0.9296875 0.76015625 0.134375 0.08828125
4 0.7703125 0.65 0.10390625 0.0359375
4 0.7453125 0.63828125 0.09375 0.05234375
4 0.73125 0.60625 0.0875 0.0359375
4 0.7703125 0.6859375 0.1171875 0.06015625
4 0.51171875 0.6671875 0.10390625 0.065625
4 0.1859375 0.7359375 0.1578125 0.084375
4 0.8890625 0.74296875 0.16796875 0.0859375
4 0.01328125 0.77265625 0.0265625 0.08984375
4 0.10703125 0.753125 0.18125 0.078125
4 0.32734375 0.71015625 0.090625 0.05234375
4 0.41796875 0.59765625 0.08359375 0.03984375
4 0.434375 0.64375 0.39921875 0.25234375
