4 0.15546875 0.76796875 0.1984375 0.12734375
4 0.9125 0.69140625 0.153125 0.04609375
4 0.1421875 0.725 0.165625 0.1125
4 0.8546875 0.73515625 0.15 0.10390625
4 0.46015625 0.70234375 0.0578125 0.04140625
4 0.5515625 0.6875 0.03125 0.0375
4 0.41953125 0.72734375 0.1015625 0.08359375
4 0.796875 0.68359375 0.015625 0.02890625
13 0.32109375 0.72890625 0.1640625 0.13359375
4 0.56953125 0.68359375 0.0359375 0.04609375
4 0.034375 0.75078125 0.06875 0.08984375
4 0.76328125 0.68203125 0.0328125 0.03125
4 0.71875 0.68359375 0.021875 0.02109375
4 0.54609375 0.68828125 0.6640625 0.07734375
