3 0.43984375 0.59453125 0.2265625 0.14375
4 0.1703125 0.63671875 0.084375 0.08125
4 0.05 0.65 0.096875 0.09609375
4 0.7609375 0.59296875 0.04375 0.02265625
4 0.58125 0.628125 0.084375 0.06015625
4 0.66796875 0.60625 0.0390625 0.04140625
4 0.6828125 0.59921875 0.034375 0.03515625
4 0.83046875 0.6125 0.0578125 0.025
4 0.81328125 0.74375 0.2171875 0.25390625
4 0.7203125 0.58203125 0.021875 0.01015625
4 0.74140625 0.578125 0.0109375 0.01015625
4 0.6890625 0.584375 0.03125 0.01875
4 0.8125 0.58984375 0.025 0.01640625
13 0.628125 0.60859375 0.065625 0.0625
8 0.92265625 0.4375 0.0390625 0.6
