10 0.04765625 0.7625 0.09296875 0.446875
10 0.42265625 0.859375 0.20625 0.27890625
10 0.60859375 0.87890625 0.1734375 0.2359375
10 0.8609375 0.9078125 0.2078125 0.18125
10 0.1625 0.59375 0.103125 0.1609375
10 0.27421875 0.83515625 0.1859375 0.30703125
10 0.78671875 0.6890625 0.11015625 0.13828125
10 0.90078125 0.72734375 0.13203125 0.1625
10 0.6671875 0.646875 0.11328125 0.11171875
10 0.5640625 0.62890625 0.1015625 0.103125
10 0.47578125 0.60078125 0.09765625 0.1078125
10 0.396875 0.58125 0.0859375 0.1078125
10 0.30390625 0.56484375 0.06640625 0.08359375
4 0.6 0.5390625 0.146875 0.1078125
13 0.82265625 0.5984375 0.35234375 0.3140625
