11 0.4625 0.5484375 0.4875 0.371875
4 0.25859375 0.93203125 0.12890625 0.0390625
4 0.88828125 0.90078125 0.02265625 0.0109375
4 0.846875 0.90078125 0.04375 0.0171875
4 0.76171875 0.90546875 0.06875 0.0234375
4 0.8125 0.90078125 0.0375 0.0171875
4 0.08359375 0.9125 0.07890625 0.028125
4 0.990625 0.89375 0.01484375 0.0125
13 0.11015625 0.93125 0.17109375 0.05
13 0.48046875 0.9125 0.11875 0.05
8 0.88984375 0.65234375 0.125 0.6796875
8 0.05859375 0.75390625 0.05 0.3359375
8 0.47265625 0.6734375 0.09609375 0.65
