4 0.31171875 0.91953125 0.071875 0.0421875
4 0.63125 0.9390625 0.1015625 0.05
4 0.31875 0.8828125 0.05078125 0.01875
4 0.3859375 0.8765625 0.040625 0.028125
4 0.515625 0.88125 0.03515625 0.025
4 0.646875 0.98984375 0.0859375 0.0140625
4 0.50703125 0.86796875 0.0453125 0.0296875
4 0.53515625 0.89921875 0.046875 0.0390625
4 0.328125 0.85859375 0.03125 0.0171875
4 0.38984375 0.85703125 0.0375 0.0265625
4 0.6375 0.97421875 0.11875 0.0453125
4 0.3296875 0.903125 0.08203125 0.0375
4 0.334375 0.87421875 0.03125 0.0171875
4 0.3578125 0.8484375 0.10546875 0.040625
