4 0.14140625 0.725 0.0921875 0.10546875
4 0.40546875 0.74453125 0.0546875 0.06640625
4 0.0859375 0.73046875 0.040625 0.071875
4 0.50703125 0.7625 0.0453125 0.0359375
4 0.19765625 0.7515625 0.0265625 0.053125
0 0.70859375 0.7234375 0.0203125 0.103125
0 0.653125 0.74453125 0.01875 0.05
4 0.21640625 0.759375 0.0171875 0.03046875
13 0.3828125 0.72109375 0.05625 0.1140625
4 0.0328125 0.7359375 0.065625 0.0890625
4 0.4421875 0.75546875 0.009375 0.028125
4 0.47265625 0.7734375 0.0109375 0.0140625
8 0.73671875 0.5484375 0.0359375 0.453125
8 0.89765625 0.67109375 0.0171875 0.21953125
