4 0.134375 0.53125 0.04375 0.04140625
4 0.18515625 0.52421875 0.0515625 0.05625
4 0.253125 0.52265625 0.04375 0.05
4 0.784375 0.515625 0.065625 0.06015625
4 0.30859375 0.52265625 0.0390625 0.04609375
4 0.38203125 0.51953125 0.0421875 0.05234375
4 0.42734375 0.51953125 0.0296875 0.03125
4 0.66015625 0.51953125 0.0453125 0.03984375
4 0.7421875 0.50859375 0.0625 0.05
6 0.94765625 0.69765625 0.0546875 0.1375
4 0.61875 0.52109375 0.03125 0.0375
4 0.3515625 0.53046875 0.021875 0.03515625
13 0.58203125 0.51796875 0.0484375 0.05625
13 0.2515625 0.52421875 0.046875 0.05234375
13 0.78515625 0.51484375 0.0671875 0.0625
6 0.8375 0.51953125 0.009375 0.02734375
8 0.1296875 0.33828125 0.028125 0.52734375
8 0.3046875 0.54609375 0.01875 0.1375
