4 0.6921875 0.765625 0.15 0.0796875
4 0.6046875 0.7515625 0.0375 0.046875
13 0.36484375 0.68828125 0.1421875 0.20625
0 0.1703125 0.7421875 0.0125 0.01875
4 0.69921875 0.64140625 0.0140625 0.0140625
4 0.14765625 0.76328125 0.0609375 0.0515625
4 0.19765625 0.7625 0.0484375 0.04921875
4 0.28203125 0.7515625 0.0484375 0.0609375
0 0.51953125 0.6578125 0.0078125 0.01875
4 0.4921875 0.69296875 0.05 0.0375
4 0.684375 0.69296875 0.021875 0.028125
4 0.7578125 0.6828125 0.025 0.03046875
0 0.28203125 0.696875 0.0140625 0.03515625
0 0.11875 0.7484375 0.0125 0.02578125
0 0.0859375 0.74140625 0.015625 0.03046875
0 0.89296875 0.75390625 0.0171875 0.0984375
4 0.07578125 0.7625 0.0484375 0.03515625
0 0.98125 0.74453125 0.03125 0.1265625
4 0.61953125 0.7203125 0.0296875 0.03046875
8 0.79375 0.4203125 0.0375 0.840625
8 0.86796875 0.615625 0.0421875 0.4453125
