4 0.63828125 0.68984375 0.0984375 0.10859375
4 0.71953125 0.684375 0.1140625 0.11015625
4 0.553125 0.665625 0.08125 0.07265625
4 0.08671875 0.66796875 0.1453125 0.08125
3 0.3890625 0.64453125 0.240625 0.28515625
0 0.1203125 0.79609375 0.046875 0.2375
0 0.61171875 0.63203125 0.0265625 0.05625
0 0.76640625 0.61953125 0.0359375 0.05625
0 0.17421875 0.7375 0.0296875 0.17109375
0 0.4546875 0.63671875 0.0375 0.04375
11 0.20859375 0.55703125 0.0546875 0.07265625
4 0.51953125 0.6375 0.0390625 0.025
4 0.51171875 0.675 0.0171875 0.05
11 0.27578125 0.603125 0.0140625 0.02265625
11 0.17265625 0.625 0.0109375 0.01640625
8 0.7046875 0.39453125 0.03125 0.46875
8 0.54765625 0.44921875 0.0265625 0.36875
8 0.19453125 0.38515625 0.0359375 0.68359375
1 0.21796875 0.840625 0.0796875 0.13984375
