7 0.54765625 0.7375 0.8109375 0.52109375
7 0.696875 0.6390625 0.60546875 0.525
7 0.84765625 0.49921875 0.303125 0.32265625
9 0.48359375 0.50078125 0.0578125 0.08359375
9 0.48046875 0.43671875 0.04765625 0.065625
7 0.11640625 0.3828125 0.2328125 0.1875
0 0.071875 0.33046875 0.12734375 0.20390625
0 0.11953125 0.33828125 0.1125 0.18671875
2 0.22265625 0.2828125 0.05234375 0.065625
7 0.1921875 0.28359375 0.01953125 0.06875
7 0.27734375 0.27421875 0.090625 0.0796875
0 0.36328125 0.25078125 0.03046875 0.040625
0 0.38203125 0.2453125 0.025 0.04765625
7 0.40078125 0.275 0.040625 0.06953125
7 0.43515625 0.275 0.0328125 0.06640625
7 0.4625 0.275 0.0375 0.06640625
0 0.51015625 0.25078125 0.01875 0.0296875
13 0.76015625 0.27421875 0.47890625 0.3703125
8 0.2578125 0.240625 0.01796875 0.14453125
