0 0.04140625 0.421875 0.0234375 0.09765625
0 0.0515625 0.4125 0.015625 0.02890625
0 0.09609375 0.40703125 0.0171875 0.03125
0 0.12109375 0.409375 0.0140625 0.03984375
4 0.67421875 0.41171875 0.0859375 0.07734375
4 0.88671875 0.40234375 0.0796875 0.04609375
4 0.76171875 0.38515625 0.0546875 0.04609375
4 0.71015625 0.38984375 0.0296875 0.02890625
4 0.66953125 0.384375 0.1484375 0.03125
4 0.5828125 0.37890625 0.021875 0.01640625
4 0.56640625 0.37734375 0.0203125 0.0125
4 0.6625 0.37109375 0.025 0.00859375
11 0.13984375 0.134375 0.0703125 0.16015625
4 0.54921875 0.375 0.0078125 0.0125
8 0.18203125 0.47421875 0.0578125 0.51875
8 0.5421875 0.29921875 0.03125 0.30625
9 0.40078125 0.603125 0.0578125 0.12265625
9 0.515625 0.42421875 0.015625 0.03984375
9 0.9625 0.63828125 0.071875 0.16484375
