11 0.09375 0.49765625 0.084375 0.33203125
11 0.18125 0.28828125 0.1703125 0.23203125
11 0.21875 0.4859375 0.121875 0.4359375
11 0.31796875 0.46171875 0.1 0.484375
11 0.4 0.45390625 0.1640625 0.515625
11 0.48515625 0.278125 0.1703125 0.55625
11 0.86015625 0.32421875 0.20390625 0.56796875
11 0.15703125 0.46015625 0.09765625 0.384375
11 0.76171875 0.55625 0.03203125 0.0796875
11 0.5328125 0.61015625 0.0578125 0.15625
11 0.66015625 0.3703125 0.26015625 0.64375
8 0.12734375 0.83203125 0.02578125 0.328125
8 0.16484375 0.82578125 0.034375 0.33203125
8 0.2546875 0.83984375 0.0296875 0.31171875
8 0.2953125 0.8140625 0.0296875 0.3640625
