4 0.284375 0.38828125 0.06171875 0.0375
4 0.21640625 0.38203125 0.04375 0.0359375
13 0.69296875 0.371875 0.5328125 0.3875
6 0.1953125 0.4578125 0.05390625 0.1046875
4 0.36171875 0.39296875 0.08984375 0.05390625
4 0.178125 0.3765625 0.01953125 0.01484375
4 0.26171875 0.378125 0.0328125 0.02421875
4 0.40859375 0.38671875 0.0328125 0.0375
4 0.04765625 0.42734375 0.02578125 0.034375
4 0.090625 0.37734375 0.02421875 0.01953125
0 0.45234375 0.4578125 0.1046875 0.2453125
8 0.134375 0.275 0.0390625 0.40703125
