13 0.49609375 0.80625 0.9921875 0.2875
6 0.70078125 0.6125 0.4296875 0.0953125
6 0.04375 0.54609375 0.0875 0.0828125
6 0.3671875 0.50859375 0.06171875 0.04765625
6 0.378125 0.57265625 0.04765625 0.0703125
6 0.38515625 0.6421875 0.05390625 0.06015625
6 0.1828125 0.45859375 0.365625 0.0625
6 0.184375 0.62109375 0.36796875 0.1078125
6 0.5609375 0.51640625 0.16171875 0.0875
6 0.56015625 0.4265625 0.1359375 0.07265625
6 0.56328125 0.46640625 0.13828125 0.0578125
6 0.8453125 0.3875 0.11796875 0.03515625
