4 0.74765625 0.5015625 0.45390625 0.14375
4 0.50625 0.41328125 0.08359375 0.0453125
4 0.11875 0.4359375 0.1 0.05625
4 0.47109375 0.4515625 0.05 0.078125
4 0.92109375 0.4703125 0.15390625 0.1
4 0.11796875 0.42578125 0.10234375 0.0546875
13 0.69296875 0.37734375 0.33984375 0.2015625
0 0.38671875 0.5734375 0.20234375 0.671875
6 0.07265625 0.52734375 0.04140625 0.0703125
11 0.04453125 0.309375 0.0890625 0.06875
4 0.10078125 0.41328125 0.09765625 0.0734375
4 0.29921875 0.390625 0.03515625 0.04375
4 0.14375 0.4734375 0.1 0.1
6 0.22109375 0.8296875 0.2875 0.3375
8 0.23671875 0.3484375 0.14375 0.6875
