11 0.45234375 0.45234375 0.19609375 0.275
4 0.371875 0.93984375 0.028125 0.03984375
13 0.79921875 0.83203125 0.39375 0.3203125
4 0.078125 0.96171875 0.115625 0.06640625
4 0.45 0.93984375 0.02421875 0.034375
13 0.4140625 0.93984375 0.04765625 0.034375
4 0.51171875 0.93984375 0.04375 0.05625
4 0.56875 0.953125 0.08203125 0.071875
13 0.5703125 0.95625 0.0796875 0.071875
11 0.88203125 0.546875 0.128125 0.165625
8 0.46796875 0.57578125 0.06796875 0.84296875
8 0.89765625 0.73984375 0.0640625 0.51484375
