2 0.440625 0.55390625 0.046875 0.05859375
0 0.43828125 0.53125 0.0296875 0.10390625
0 0.76640625 0.41484375 0.0453125 0.05859375
4 0.3453125 0.51875 0.028125 0.025
4 0.05234375 0.528125 0.0734375 0.06875
4 0.0109375 0.53671875 0.021875 0.06484375
4 0.1984375 0.52578125 0.040625 0.04375
13 0.82890625 0.4625 0.3390625 0.43359375
4 0.36953125 0.51875 0.0234375 0.025
4 0.40703125 0.51953125 0.0421875 0.03515625
4 0.1578125 0.52109375 0.034375 0.03359375
13 0.11796875 0.52734375 0.1140625 0.075
13 0.23671875 0.52421875 0.0609375 0.05234375
4 0.3109375 0.515625 0.05 0.04375
4 0.38828125 0.51484375 0.0171875 0.02109375
4 0.2875 0.5125 0.009375 0.025
8 0.55234375 0.33671875 0.0234375 0.48515625
