0 0.81171875 0.571875 0.18828125 0.496875
9 0.59375 0.5109375 0.05078125 0.07421875
9 0.41640625 0.46328125 0.034375 0.05234375
8 0.49296875 0.2546875 0.040625 0.45234375
7 0.5765625 0.4421875 0.14765625 0.12734375
7 0.678125 0.440625 0.08203125 0.07734375
0 0.36640625 0.38671875 0.025 0.0625
7 0.3140625 0.3828125 0.04921875 0.03046875
0 0.13671875 0.3828125 0.03359375 0.0703125
0 0.17421875 0.3796875 0.01953125 0.06875
7 0.209375 0.3828125 0.05390625 0.040625
0 0.2375 0.35625 0.015625 0.01953125
0 0.27421875 0.3578125 0.01015625 0.01796875
13 0.090625 0.36484375 0.18125 0.090625
