13 0.24453125 0.684375 0.2015625 0.359375
0 0.96171875 0.76875 0.0453125 0.18515625
0 0.92890625 0.7515625 0.0265625 0.15
0 0.93984375 0.73359375 0.0171875 0.10078125
0 0.9796875 0.79453125 0.0375 0.13359375
0 0.98828125 0.7015625 0.0171875 0.065625
4 0.61640625 0.78203125 0.1453125 0.1921875
4 0.71640625 0.765625 0.1234375 0.159375
4 0.50078125 0.7546875 0.1046875 0.11953125
4 0.8390625 0.765625 0.140625 0.1546875
4 0.3828125 0.73359375 0.075 0.11015625
4 0.7296875 0.67734375 0.090625 0.08203125
4 0.59453125 0.67578125 0.1171875 0.0421875
4 0.4609375 0.74609375 0.065625 0.1171875
4 0.78515625 0.68984375 0.0359375 0.0375
4 0.44140625 0.7078125 0.0296875 0.03984375
4 0.3515625 0.7703125 0.0375 0.1078125
4 0.53828125 0.69609375 0.0703125 0.05859375
0 0.92890625 0.6828125 0.0078125 0.028125
4 0.8453125 0.6921875 0.084375 0.046875
4 0.528125 0.69140625 0.85625 0.3453125
8 0.23203125 0.46796875 0.0421875 0.86640625
