4 0.37109375 0.50546875 0.0453125 0.06015625
4 0.33515625 0.47734375 0.0296875 0.03359375
4 0.3109375 0.46953125 0.01875 0.02265625
13 0.5328125 0.45234375 0.309375 0.35390625
4 0.365625 0.48671875 0.0375 0.03515625
11 0.77734375 0.43125 0.0171875 0.03359375
4 0.88828125 0.47421875 0.1640625 0.09765625
8 0.10078125 0.50078125 0.1453125 0.98515625
1 0.41796875 0.8375 0.2640625 0.32109375
1 0.390625 0.66953125 0.190625 0.11015625
1 0.36015625 0.62421875 0.1578125 0.08125
8 0.971875 0.478125 0.03125 0.19375
8 0.778125 0.46875 0.009375 0.1125
