4 0.2796875 0.2296875 0.05 0.03046875
4 0.4265625 0.3421875 0.421875 0.26484375
4 0.71875 0.3234375 0.415625 0.29296875
4 0.87890625 0.23984375 0.1796875 0.14609375
4 0.078125 0.29453125 0.14375 0.1890625
4 0.20390625 0.3171875 0.1359375 0.17421875
0 0.7140625 0.2375 0.065625 0.065625
4 0.78828125 0.196875 0.1171875 0.0609375
4 0.57421875 0.2109375 0.1546875 0.09375
4 0.009375 0.30703125 0.01875 0.15390625
6 0.73046875 0.72734375 0.0984375 0.3734375
4 0.20625 0.2171875 0.09375 0.040625
4 0.39296875 0.2046875 0.0671875 0.025
