1 0.38671875 0.43125 0.03671875 0.090625
8 0.72265625 0.5 0.10546875 0.9984375
0 0.28203125 0.540625 0.12109375 0.35078125
0 0.1328125 0.5171875 0.09453125 0.2859375
7 0.11328125 0.61015625 0.2 0.26328125
7 0.28359375 0.63125 0.1421875 0.36171875
0 0.5109375 0.34375 0.0109375 0.053125
0 0.65078125 0.371875 0.01171875 0.05390625
2 0.81953125 0.615625 0.3125 0.3265625
0 0.90390625 0.415625 0.04296875 0.19375
12 0.1453125 0.37109375 0.0296875 0.053125
12 0.05546875 0.3703125 0.05078125 0.05546875
7 0.18828125 0.38046875 0.02421875 0.0484375
7 0.3375 0.38046875 0.0203125 0.0484375
8 0.365625 0.3921875 0.009375 0.16953125
6 0.1765625 0.41328125 0.009375 0.02890625
