11 0.49375 0.38984375 0.9515625 0.584375
4 0.28828125 0.9046875 0.16015625 0.034375
4 0.040625 0.890625 0.0453125 0.021875
4 0.07421875 0.903125 0.0875 0.02578125
4 0.12265625 0.8796875 0.0515625 0.0203125
4 0.24453125 0.8921875 0.10859375 0.0359375
4 0.43203125 0.88515625 0.0546875 0.0140625
4 0.1453125 0.896875 0.0484375 0.02578125
4 0.33828125 0.88203125 0.0359375 0.015625
4 0.66328125 0.87578125 0.03359375 0.01171875
4 0.778125 0.87734375 0.0390625 0.01796875
4 0.71015625 0.875 0.0421875 0.01015625
