5 0.25859375 0.7796875 0.07109375 0.053125
4 0.78046875 0.75859375 0.21484375 0.1171875
0 0.30703125 0.7453125 0.08125 0.109375
4 0.97421875 0.703125 0.04765625 0.040625
4 0.928125 0.6984375 0.03515625 0.0375
0 0.80234375 0.77265625 0.12109375 0.2140625
0 0.21796875 0.76171875 0.05625 0.0828125
4 0.87265625 0.6984375 0.0375 0.028125
4 0.85390625 0.690625 0.02109375 0.0125
4 0.90078125 0.69921875 0.03515625 0.0328125
4 0.96015625 0.6984375 0.075 0.046875
4 0.73125 0.68828125 0.125 0.0453125
4 0.83515625 0.69296875 0.01640625 0.0140625
4 0.71796875 0.7421875 0.13125 0.090625
9 0.63671875 0.91171875 0.09765625 0.1359375
9 0.690625 0.83125 0.07265625 0.0875
8 0.08203125 0.5046875 0.1640625 0.9875
