4 0.40859375 0.67890625 0.0390625 0.04375
4 0.55078125 0.6734375 0.0203125 0.02109375
4 0.45 0.6859375 0.04375 0.0375
4 0.5265625 0.67265625 0.021875 0.02265625
4 0.65625 0.6640625 0.0125 0.01875
4 0.63203125 0.66328125 0.0078125 0.00859375
13 0.61328125 0.67265625 0.0359375 0.03515625
13 0.50078125 0.6734375 0.0359375 0.0375
6 0.140625 0.71328125 0.009375 0.01640625
4 0.7625 0.65703125 0.03125 0.01640625
4 0.06484375 0.68125 0.0328125 0.01875
8 0.8390625 0.46953125 0.021875 0.44921875
8 0.88515625 0.55859375 0.0453125 0.31796875
8 0.7703125 0.55390625 0.01875 0.27265625
8 0.29140625 0.584375 0.0234375 0.24921875
8 0.25078125 0.6140625 0.0203125 0.21015625
8 0.009375 0.546875 0.01875 0.328125
