4 0.05703125 0.7828125 0.1140625 0.15859375
4 0.93984375 0.71640625 0.1140625 0.05859375
4 0.91875 0.68984375 0.090625 0.03984375
4 0.85390625 0.6921875 0.0765625 0.03125
0 0.2265625 0.76640625 0.034375 0.1171875
0 0.24140625 0.76328125 0.0203125 0.1109375
5 0.1328125 0.8078125 0.034375 0.02890625
0 0.31015625 0.821875 0.0703125 0.25234375
11 0.9015625 0.646875 0.01875 0.03359375
8 0.6140625 0.603125 0.04375 0.496875
8 0.94765625 0.67734375 0.0296875 0.2109375
8 0.08203125 0.628125 0.0234375 0.175
