1 0.46796875 0.6703125 0.10859375 0.2015625
8 0.6953125 0.43515625 0.02578125 0.4515625
8 0.3921875 0.571875 0.02421875 0.40078125
7 0.5125 0.4953125 0.05078125 0.0796875
7 0.13125 0.56796875 0.13046875 0.13125
7 0.02890625 0.71640625 0.0578125 0.28515625
0 0.425 0.528125 0.02890625 0.0984375
7 0.6203125 0.51015625 0.04921875 0.06640625
2 0.8 0.52578125 0.0390625 0.07890625
1 0.23203125 0.52578125 0.05546875 0.09296875
6 0.33125 0.56015625 0.01484375 0.05390625
7 0.28046875 0.51328125 0.04375 0.0796875
0 0.275 0.49453125 0.02578125 0.08828125
12 0.26171875 0.45859375 0.07890625 0.0703125
12 0.36796875 0.4875 0.040625 0.096875
7 0.67578125 0.5234375 0.02890625 0.09140625
12 0.91171875 0.5359375 0.17578125 0.234375
