11 0.51875 0.4359375 0.64296875 0.484375
4 0.4 0.72109375 0.1703125 0.0703125
13 0.053125 0.703125 0.08515625 0.021875
4 0.1796875 0.82734375 0.290625 0.21015625
4 0.92265625 0.78671875 0.14375 0.10625
4 0.134375 0.89921875 0.26875 0.1953125
4 0.8375 0.75390625 0.06953125 0.015625
4 0.88671875 0.7078125 0.17890625 0.03984375
4 0.515625 0.72421875 0.125 0.04375
4 0.75703125 0.7203125 0.10703125 0.03984375
4 0.34375 0.81015625 0.090625 0.12421875
4 0.26953125 0.72109375 0.2078125 0.06171875
4 0.59765625 0.71875 0.1171875 0.05390625
4 0.6921875 0.7203125 0.10390625 0.04375
4 0.875 0.76796875 0.23984375 0.10390625
4 0.49765625 0.815625 0.99453125 0.28828125
8 0.515625 0.8359375 0.10390625 0.32421875
1 0.45078125 0.8 0.04296875 0.0640625
