4 0.2578125 0.75859375 0.121875 0.11640625
4 0.728125 0.75390625 0.25 0.12109375
4 0.4734375 0.71953125 0.059375 0.07734375
4 0.40234375 0.71640625 0.0421875 0.05
4 0.9546875 0.78984375 0.0875 0.10859375
4 0.5578125 0.721875 0.059375 0.07734375
4 0.05546875 0.73515625 0.0640625 0.07109375
4 0.59296875 0.71953125 0.0421875 0.07734375
4 0.1171875 0.75859375 0.134375 0.10859375
4 0.01328125 0.74296875 0.0265625 0.11015625
4 0.64609375 0.728125 0.1109375 0.10625
13 0.403125 0.71875 0.040625 0.05
13 0.35 0.703125 0.046875 0.07734375
13 0.47265625 0.721875 0.0578125 0.07734375
