4 0.50703125 0.4015625 0.2703125 0.3171875
4 0.9703125 0.34140625 0.05625 0.19765625
3 0.065625 0.46875 0.13125 0.9375
0 0.2078125 0.6078125 0.33984375 0.7734375
0 0.30390625 0.21171875 0.04765625 0.1203125
0 0.5171875 0.2359375 0.04609375 0.06640625
0 0.72734375 0.46640625 0.234375 0.56015625
0 0.91328125 0.26171875 0.08984375 0.19765625
0 0.875 0.490625 0.1703125 0.7203125
0 0.25390625 0.31171875 0.09609375 0.23984375
4 0.32734375 0.2265625 0.26171875 0.090625
11 0.42890625 0.30546875 0.1140625 0.20546875
