4 0.17734375 0.5046875 0.13046875 0.10078125
9 0.275 0.525 0.01640625 0.03984375
9 0.1 0.48359375 0.00859375 0.01953125
14 0.0578125 0.5359375 0.00859375 0.04296875
14 0.0765625 0.534375 0.00703125 0.04140625
9 0.09296875 0.4828125 0.0078125 0.01875
8 0.096875 0.47109375 0.003125 0.04296875
14 0.303125 0.49921875 0.003125 0.02421875
7 0.31875 0.48671875 0.02890625 0.03671875
14 0.41875 0.51484375 0.0046875 0.03203125
9 0.97734375 0.4984375 0.009375 0.01875
0 0.8453125 0.47890625 0.0140625 0.04296875
14 0.83359375 0.4953125 0.003125 0.0109375
7 0.84921875 0.48359375 0.02109375 0.0359375
13 0.78515625 0.46796875 0.10546875 0.084375
