1 0.63984375 0.42890625 0.1265625 0.15390625
0 0.5921875 0.33046875 0.0359375 0.059375
0 0.6453125 0.325 0.0203125 0.04765625
8 0.6625 0.24375 0.0125 0.14765625
8 0.74375 0.24609375 0.01640625 0.13671875
8 0.44140625 0.2265625 0.01328125 0.0921875
0 0.4015625 0.33046875 0.02109375 0.07734375
0 0.3859375 0.36953125 0.053125 0.1109375
7 0.38125 0.4453125 0.06796875 0.1203125
8 0.246875 0.371875 0.0921875 0.72578125
7 0.03046875 0.36171875 0.05390625 0.1015625
12 0.71484375 0.334375 0.1140625 0.06484375
0 0.68359375 0.31171875 0.0171875 0.034375
13 0.659375 0.271875 0.0828125 0.03828125
4 0.35234375 0.30078125 0.01328125 0.0171875
12 0.3390625 0.29609375 0.0109375 0.01640625
1 0.0671875 0.3171875 0.0234375 0.0296875
