1 0.59921875 0.50234375 0.12109375 0.25390625
7 0.1953125 0.36875 0.08515625 0.0796875
4 0.29296875 0.35078125 0.071875 0.08359375
0 0.1609375 0.32734375 0.02265625 0.05859375
0 0.24609375 0.31171875 0.01875 0.0609375
0 0.2828125 0.3078125 0.0203125 0.06015625
0 0.59140625 0.35078125 0.05078125 0.07421875
0 0.640625 0.328125 0.0390625 0.0875
0 0.521875 0.31796875 0.0234375 0.06171875
2 0.521875 0.3375 0.02890625 0.05234375
0 0.91640625 0.334375 0.05234375 0.11015625
0 0.88828125 0.3203125 0.04140625 0.12265625
12 0.39609375 0.34453125 0.15859375 0.14921875
4 0.4859375 0.321875 0.025 0.0703125
4 0.52734375 0.31171875 0.07109375 0.06640625
4 0.66015625 0.3046875 0.01328125 0.0328125
4 0.70625 0.29453125 0.0125 0.03359375
4 0.721875 0.29609375 0.0203125 0.0265625
4 0.734375 0.29296875 0.021875 0.02578125
4 0.74921875 0.2890625 0.0265625 0.02890625
4 0.765625 0.28828125 0.01171875 0.02421875
4 0.77265625 0.28828125 0.00859375 0.0203125
4 0.7796875 0.2875 0.01171875 0.01875
4 0.78671875 0.28671875 0.00625 0.01796875
0 0.71875 0.27890625 0.00546875 0.00859375
0 0.94921875 0.2796875 0.01015625 0.0484375
0 0.93359375 0.284375 0.01484375 0.03359375
0 0.965625 0.28515625 0.0140625 0.040625
0 0.90703125 0.3 0.01484375 0.0671875
0 0.60625 0.31171875 0.01953125 0.0515625
0 0.584375 0.3015625 0.009375 0.0203125
13 0.59921875 0.303125 0.06171875 0.07578125
