1 0.37734375 0.54375 0.059375 0.07890625
7 0.175 0.525 0.06796875 0.0875
7 0.253125 0.52890625 0.0890625 0.0890625
8 0.68203125 0.390625 0.02109375 0.409375
7 0.7546875 0.54375 0.059375 0.11171875
7 0.89375 0.540625 0.09296875 0.12734375
7 0.940625 0.37421875 0.03828125 0.45390625
7 0.53828125 0.5421875 0.034375 0.0859375
7 0.48671875 0.53515625 0.0703125 0.0890625
7 0.44375 0.53671875 0.0515625 0.09140625
4 0.66015625 0.50078125 0.0328125 0.0484375
4 0.6328125 0.49296875 0.02578125 0.03046875
4 0.7125 0.50234375 0.02421875 0.046875
7 0.79921875 0.54296875 0.05 0.11171875
7 0.32578125 0.5296875 0.04921875 0.09375
2 0.29453125 0.5359375 0.028125 0.07265625
7 0.0484375 0.5265625 0.0765625 0.075
7 0.015625 0.51953125 0.03125 0.0734375
8 0.27734375 0.4609375 0.0234375 0.2234375
8 0.07421875 0.4171875 0.01796875 0.290625
