8 0.6375 0.39453125 0.0171875 0.20625
14 0.66015625 0.46015625 0.015625 0.07109375
10 0.84609375 0.46640625 0.04453125 0.0625
10 0.51328125 0.4703125 0.05078125 0.0765625
10 0.35546875 0.46796875 0.0484375 0.0703125
0 0.51484375 0.378125 0.0328125 0.08828125
2 0.5140625 0.39765625 0.03359375 0.06328125
14 0.18828125 0.46328125 0.0140625 0.04375
14 0.1671875 0.46328125 0.01484375 0.04296875
14 0.14375 0.46328125 0.01328125 0.03984375
14 0.05390625 0.4578125 0.0125 0.040625
14 0.0328125 0.4578125 0.0125 0.03828125
14 0.121875 0.46171875 0.0078125 0.0375
14 0.07421875 0.46171875 0.00703125 0.03671875
14 0.0109375 0.45625 0.0125 0.040625
4 0.73671875 0.3265625 0.01484375 0.02734375
