0 0.82421875 0.21328125 0.134375 0.33828125
0 0.94609375 0.2515625 0.09453125 0.30625
1 0.7265625 0.5859375 0.25390625 0.53125
14 0.37734375 0.4171875 0.03359375 0.209375
14 0.41875 0.39296875 0.02734375 0.1828125
14 0.4515625 0.37421875 0.028125 0.159375
14 0.478125 0.34453125 0.0203125 0.15234375
14 0.33828125 0.2546875 0.01328125 0.09375
14 0.321875 0.246875 0.0140625 0.08984375
14 0.30625 0.240625 0.01328125 0.08671875
14 0.29296875 0.234375 0.01171875 0.08359375
14 0.27890625 0.22734375 0.0125 0.08203125
14 0.33203125 0.19765625 0.01015625 0.053125
1 0.078125 0.17578125 0.07421875 0.09296875
0 0.02890625 0.10546875 0.03125 0.04609375
7 0.02734375 0.13203125 0.03984375 0.046875
8 0.5078125 0.1 0.02265625 0.196875
0 0.703125 0.18828125 0.02421875 0.053125
0 0.67109375 0.2015625 0.02578125 0.046875
0 0.69453125 0.14140625 0.015625 0.03203125
7 0.69375 0.14765625 0.03671875 0.034375
0 0.72578125 0.14140625 0.01328125 0.03359375
7 0.72578125 0.1484375 0.03125 0.03125
4 0.684375 0.13984375 0.05859375 0.03046875
0 0.79140625 0.13828125 0.0109375 0.03203125
7 0.7890625 0.14375 0.0203125 0.0203125
0 0.74609375 0.1296875 0.0109375 0.01171875
0 0.625 0.13671875 0.01015625 0.0265625
0 0.6296875 0.1359375 0.00703125 0.03125
0 0.61484375 0.134375 0.00703125 0.025
7 0.61015625 0.15625 0.02109375 0.040625
4 0.571875 0.12890625 0.06171875 0.0234375
4 0.48671875 0.1328125 0.05703125 0.0265625
0 0.4875 0.13203125 0.01171875 0.025
0 0.4984375 0.125 0.00625 0.01171875
