1 0.3859375 0.53828125 0.115625 0.07578125
4 0.434375 0.478125 0.23046875 0.1171875
7 0.94609375 0.42421875 0.02421875 0.021875
2 0.85859375 0.4265625 0.025 0.0203125
4 0.696875 0.421875 0.03515625 0.0265625
13 0.6484375 0.3890625 0.08046875 0.1078125
1 0.59296875 0.42734375 0.028125 0.03203125
4 0.540625 0.415625 0.071875 0.04296875
2 0.553125 0.42890625 0.03125 0.03359375
7 0.51015625 0.42734375 0.03359375 0.0421875
7 0.48671875 0.42578125 0.028125 0.04296875
4 0.4765625 0.40390625 0.04375 0.034375
4 0.2140625 0.4015625 0.0578125 0.0421875
4 0.1640625 0.396875 0.05 0.04453125
4 0.10859375 0.396875 0.04453125 0.03984375
8 0.2921875 0.271875 0.0234375 0.36796875
4 0.87578125 0.41796875 0.04140625 0.02265625
4 0.89609375 0.41640625 0.02109375 0.0234375
4 0.83984375 0.41796875 0.021875 0.0234375
4 0.81640625 0.41640625 0.03046875 0.02734375
4 0.76875 0.41875 0.025 0.028125
4 0.7453125 0.4171875 0.0390625 0.02734375
