14 0.48046875 0.49296875 0.0546875 0.259375
8 0.72421875 0.24609375 0.0703125 0.4921875
4 0.95 0.1609375 0.0875 0.04453125
7 0.86953125 0.16640625 0.02421875 0.0359375
7 0.7859375 0.17109375 0.015625 0.0390625
7 0.803125 0.16953125 0.02265625 0.03828125
7 0.84140625 0.17109375 0.021875 0.03125
8 0.821875 0.0984375 0.02578125 0.19140625
4 0.67734375 0.17265625 0.0546875 0.0609375
0 0.64453125 0.178125 0.009375 0.03359375
13 0.53359375 0.1703125 0.0875 0.07734375
7 0.4546875 0.190625 0.01484375 0.03515625
7 0.41640625 0.18828125 0.015625 0.0375
7 0.38203125 0.18828125 0.01875 0.040625
4 0.23515625 0.19296875 0.07265625 0.04921875
4 0.16640625 0.19453125 0.06875 0.0484375
7 0.12109375 0.1953125 0.02734375 0.03671875
8 0.08046875 0.1109375 0.03203125 0.221875
4 0.03984375 0.1984375 0.078125 0.05078125
