8 0.115625 0.3671875 0.015625 0.21875
7 0.2 0.43828125 0.00859375 0.0203125
4 0.2421875 0.4296875 0.0140625 0.015625
4 0.26015625 0.43359375 0.0203125 0.021875
4 0.309375 0.4375 0.03046875 0.03046875
3 0.30546875 0.41875 0.025 0.02421875
4 0.2703125 0.421875 0.0078125 0.009375
4 0.34375 0.4328125 0.0234375 0.02265625
9 0.4125 0.471875 0.0125 0.03203125
9 0.4328125 0.471875 0.01328125 0.03359375
9 0.440625 0.4703125 0.009375 0.03203125
4 0.490625 0.4296875 0.0328125 0.02578125
4 0.51953125 0.42578125 0.03671875 0.03125
9 0.5703125 0.43359375 0.00546875 0.01171875
0 0.4078125 0.4328125 0.01015625 0.0265625
13 0.68828125 0.39296875 0.165625 0.065625
0 0.7171875 0.42734375 0.01796875 0.0453125
7 0.7171875 0.43125 0.02578125 0.03671875
7 0.80625 0.43203125 0.02578125 0.04453125
0 0.80625 0.42265625 0.0203125 0.04296875
4 0.89765625 0.4109375 0.0671875 0.03671875
8 0.890625 0.3109375 0.01171875 0.16796875
0 0.9453125 0.39609375 0.00625 0.02265625
8 0.4953125 0.346875 0.0078125 0.19921875
8 0.45234375 0.4265625 0.00234375 0.03671875
0 0.2 0.4296875 0.009375 0.0109375
