14 0.6703125 0.41953125 0.04453125 0.19375
14 0.40234375 0.30234375 0.02421875 0.11953125
8 0.71484375 0.21640625 0.059375 0.42734375
8 0.47890625 0.16796875 0.03515625 0.33125
7 0.88125 0.2046875 0.128125 0.1
0 0.87890625 0.17265625 0.04609375 0.10859375
7 0.771875 0.17109375 0.0359375 0.03515625
0 0.7734375 0.16171875 0.02109375 0.040625
7 0.80234375 0.16953125 0.03046875 0.0328125
0 0.7984375 0.16015625 0.01484375 0.0375
7 0.65546875 0.175 0.02421875 0.02578125
0 0.65546875 0.16640625 0.01484375 0.03359375
7 0.67265625 0.17421875 0.01875 0.025
0 0.6734375 0.16484375 0.01015625 0.02578125
14 0.60859375 0.17421875 0.00390625 0.01640625
14 0.553125 0.17421875 0.00390625 0.01484375
7 0.5734375 0.17734375 0.021875 0.025
0 0.51640625 0.17109375 0.015625 0.040625
0 0.44609375 0.1765625 0.01953125 0.0546875
8 0.40625 0.12109375 0.01171875 0.13125
0 0.3125 0.19296875 0.03515625 0.1078125
2 0.315625 0.2203125 0.04375 0.06875
4 0.33984375 0.18359375 0.046875 0.05078125
4 0.2421875 0.178125 0.0546875 0.04453125
4 0.17109375 0.18203125 0.0578125 0.04921875
4 0.12734375 0.18203125 0.0328125 0.034375
4 0.0984375 0.17890625 0.0296875 0.0296875
14 0.0515625 0.19453125 0.00703125 0.0234375
14 0.00390625 0.2046875 0.0078125 0.03125
12 0.38984375 0.1640625 0.021875 0.025
4 0.05390625 0.1578125 0.0078125 0.009375
4 0.0640625 0.159375 0.0109375 0.0109375
4 0.0453125 0.15546875 0.00859375 0.0078125
