7 0.80390625 0.778125 0.3890625 0.440625
7 0.63203125 0.55 0.275 0.228125
4 0.903125 0.5578125 0.19375 0.30390625
8 0.9140625 0.2015625 0.05859375 0.39765625
4 0.83671875 0.3703125 0.125 0.04375
0 0.74140625 0.36328125 0.00859375 0.0296875
0 0.765625 0.36796875 0.01328125 0.028125
0 0.73046875 0.365625 0.01015625 0.02421875
0 0.71484375 0.35625 0.00703125 0.025
4 0.6890625 0.36484375 0.06484375 0.028125
1 0.521875 0.48984375 0.14296875 0.184375
4 0.59140625 0.3921875 0.07890625 0.07265625
4 0.51796875 0.37890625 0.0890625 0.0609375
7 0.39140625 0.390625 0.0359375 0.0515625
0 0.36171875 0.38046875 0.02265625 0.08515625
0 0.33203125 0.38671875 0.02109375 0.07578125
0 0.303125 0.3828125 0.0203125 0.08125
0 0.26640625 0.3796875 0.0234375 0.08125
0 0.19609375 0.384375 0.0375 0.1140625
4 0.0390625 0.4203125 0.07265625 0.15078125
6 0.4453125 0.421875 0.015625 0.0328125
