1 0.52890625 0.478125 0.1 0.11171875
8 0.6046875 0.2671875 0.05 0.52578125
13 0.76796875 0.340625 0.2703125 0.36953125
4 0.559375 0.41796875 0.1265625 0.09296875
4 0.446875 0.44921875 0.1390625 0.125
0 0.38671875 0.39375 0.0171875 0.04921875
2 0.32890625 0.4953125 0.07421875 0.11171875
2 0.2078125 0.50078125 0.09296875 0.115625
7 0.23828125 0.43515625 0.02890625 0.078125
7 0.12890625 0.49921875 0.07109375 0.13828125
4 0.16484375 0.45234375 0.1296875 0.14375
7 0.0390625 0.6046875 0.075 0.11640625
4 0.04375 0.47109375 0.0828125 0.13125
