3 0.51328125 0.66796875 0.278125 0.1890625
4 0.08203125 0.76953125 0.1640625 0.253125
4 0.27109375 0.83828125 0.39375 0.3171875
4 0.50703125 0.82265625 0.234375 0.28515625
4 0.89375 0.85625 0.2078125 0.2453125
8 0.61796875 0.40703125 0.04375 0.47734375
9 0.14296875 0.91484375 0.0703125 0.165625
9 0.27265625 0.9171875 0.065625 0.16015625
9 0.42265625 0.91328125 0.05390625 0.16796875
9 0.54375 0.91171875 0.05234375 0.1546875
8 0.2046875 0.36171875 0.0859375 0.6796875
8 0.121875 0.4171875 0.09609375 0.79765625
8 0.0328125 0.44765625 0.065625 0.8953125
