9 0.4671875 0.78046875 0.09921875 0.375
9 0.978125 0.2890625 0.0421875 0.159375
9 0.91875 0.1578125 0.0203125 0.0640625
9 0.70703125 0.2390625 0.02109375 0.09453125
9 0.54140625 0.2765625 0.03046875 0.103125
9 0.55703125 0.2125 0.01796875 0.0640625
9 0.48515625 0.19921875 0.0140625 0.04921875
9 0.4328125 0.20859375 0.0171875 0.059375
9 0.44296875 0.178125 0.01015625 0.03671875
10 0.2859375 0.34921875 0.05390625 0.1015625
10 0.2953125 0.30859375 0.04296875 0.0796875
0 0.2390625 0.1984375 0.02734375 0.13203125
10 0.228125 0.2015625 0.01328125 0.03046875
10 0.26796875 0.196875 0.009375 0.025
7 0.01953125 0.328125 0.0390625 0.14375
7 0.0609375 0.31015625 0.11953125 0.16875
