10 0.51015625 0.73125 0.15078125 0.32890625
10 0.02734375 0.6421875 0.05078125 0.26171875
0 0.0203125 0.19765625 0.040625 0.1234375
0 0.09609375 0.21015625 0.0421875 0.08671875
9 0.21171875 0.23671875 0.01328125 0.0484375
9 0.23828125 0.2609375 0.0171875 0.06015625
9 0.25390625 0.27578125 0.02109375 0.0734375
9 0.27890625 0.29609375 0.02734375 0.09375
9 0.3234375 0.2515625 0.01484375 0.0640625
9 0.35078125 0.34140625 0.03671875 0.11796875
9 0.4875 0.4875 0.05234375 0.2046875
9 0.51171875 0.265625 0.02265625 0.071875
9 0.80625 0.39296875 0.0546875 0.18046875
9 0.79921875 0.3171875 0.03203125 0.12890625
9 0.778125 0.23828125 0.02109375 0.07109375
9 0.8359375 0.2109375 0.01484375 0.0515625
