10 0.784375 0.55625 0.02265625 0.025
10 0.66875 0.55 0.02109375 0.0234375
10 0.5625 0.53125 0.015625 0.01640625
10 0.55234375 0.52890625 0.01328125 0.015625
7 0.53828125 0.49609375 0.02265625 0.021875
8 0.4734375 0.47578125 0.0046875 0.09921875
10 0.46171875 0.5015625 0.00703125 0.00859375
10 0.428125 0.5015625 0.00625 0.00625
8 0.4234375 0.49765625 0.00390625 0.03203125
8 0.44765625 0.4921875 0.00390625 0.0234375
4 0.34296875 0.525 0.13984375 0.078125
12 0.16484375 0.65390625 0.2359375 0.40390625
8 0.75078125 0.471875 0.0078125 0.134375
8 0.86796875 0.47109375 0.00625 0.125
