14 0.30859375 0.478125 0.01875 0.15859375
14 0.5234375 0.38984375 0.01875 0.12421875
14 0.6546875 0.328125 0.0171875 0.10078125
14 0.73671875 0.296875 0.0140625 0.08359375
14 0.79375 0.26953125 0.01328125 0.07578125
14 0.8421875 0.24296875 0.0078125 0.0453125
4 0.52578125 0.79375 0.50078125 0.41015625
14 0.8828125 0.2390625 0.0125 0.059375
14 0.91171875 0.22734375 0.0109375 0.0546875
14 0.93828125 0.2171875 0.00859375 0.046875
4 0.94765625 0.16328125 0.0234375 0.01875
4 0.90625 0.19140625 0.040625 0.0296875
4 0.8609375 0.17734375 0.040625 0.0375
4 0.76953125 0.21796875 0.07734375 0.0578125
4 0.74453125 0.171875 0.096875 0.10703125
8 0.30234375 0.0796875 0.009375 0.15703125
8 0.61015625 0.0796875 0.0078125 0.159375
