14 0.9265625 0.85 0.1453125 0.278125
14 0.61796875 0.6171875 0.109375 0.24296875
14 0.4703125 0.48828125 0.07421875 0.1578125
14 0.403125 0.4328125 0.05859375 0.12734375
14 0.365625 0.4 0.04375 0.103125
14 0.3015625 0.346875 0.03125 0.0671875
14 0.33046875 0.28828125 0.0140625 0.03359375
14 0.28984375 0.296875 0.01640625 0.034375
4 0.74140625 0.38125 0.51484375 0.48828125
4 0.6234375 0.24453125 0.54140625 0.19609375
0 0.384375 0.2203125 0.04140625 0.0390625
0 0.14296875 0.35859375 0.2109375 0.29375
12 0.2765625 0.25625 0.059375 0.0453125
13 0.03203125 0.31640625 0.0640625 0.1640625
