9 0.81953125 0.78515625 0.20546875 0.321875
9 0.52265625 0.73359375 0.1359375 0.2296875
9 0.34375 0.7078125 0.1109375 0.1859375
9 0.2375 0.69375 0.09609375 0.15234375
9 0.146875 0.68046875 0.0734375 0.125
9 0.08515625 0.67265625 0.06796875 0.1046875
4 0.0625 0.59140625 0.11953125 0.07265625
4 0.17578125 0.59609375 0.0875 0.053125
13 0.3234375 0.584375 0.1046875 0.05
9 0.853125 0.284375 0.1625 0.26640625
9 0.478125 0.196875 0.13203125 0.2078125
9 0.2546875 0.13828125 0.10859375 0.18125
9 0.090625 0.1 0.09453125 0.15859375
