9 0.275 0.5734375 0.1703125 0.196875
9 0.35703125 0.53828125 0.10859375 0.16796875
9 0.4125 0.51015625 0.09609375 0.14921875
9 0.44140625 0.48828125 0.07578125 0.1328125
9 0.4765625 0.4703125 0.071875 0.125
9 0.51171875 0.4578125 0.06640625 0.11328125
9 0.53359375 0.44296875 0.05546875 0.103125
9 0.56640625 0.43125 0.0578125 0.096875
9 0.5890625 0.4234375 0.04453125 0.0890625
9 0.60546875 0.4140625 0.03828125 0.0859375
9 0.63359375 0.3984375 0.03984375 0.07421875
7 0.69453125 0.30703125 0.03984375 0.046875
8 0.8109375 0.23671875 0.01640625 0.178125
