9 0.07421875 0.61953125 0.0515625 0.10859375
9 0.26328125 0.61875 0.05078125 0.1046875
9 0.43125 0.62109375 0.05 0.1015625
9 0.60390625 0.61640625 0.04453125 0.10703125
9 0.7609375 0.61875 0.05078125 0.10703125
9 0.940625 0.61953125 0.0484375 0.10390625
4 0.54921875 0.4734375 0.28984375 0.19375
4 0.371875 0.47265625 0.18515625 0.15078125
4 0.09140625 0.4671875 0.18046875 0.1546875
4 0.3453125 0.284375 0.05546875 0.075
4 0.46015625 0.29140625 0.05703125 0.0640625
4 0.55546875 0.2921875 0.06953125 0.06328125
4 0.6578125 0.29375 0.0765625 0.0640625
4 0.76171875 0.2953125 0.05546875 0.06875
4 0.94453125 0.28671875 0.0859375 0.07421875
4 0.8390625 0.29296875 0.0890625 0.06875
4 0.24296875 0.28359375 0.07109375 0.08046875
