10 0.6234375 0.64609375 0.1828125 0.21640625
10 0.62734375 0.48515625 0.13515625 0.140625
10 0.60234375 0.396875 0.08515625 0.0953125
10 0.57109375 0.35390625 0.07265625 0.08046875
10 0.54609375 0.3265625 0.05234375 0.065625
10 0.5078125 0.30390625 0.05 0.065625
10 0.46484375 0.2890625 0.0453125 0.05546875
10 0.425 0.27890625 0.03984375 0.0453125
10 0.3671875 0.26484375 0.0453125 0.04765625
10 0.32109375 0.25625 0.0328125 0.03984375
10 0.2859375 0.2484375 0.0328125 0.03984375
10 0.25625 0.2453125 0.02734375 0.0375
4 0.3328125 0.20625 0.1703125 0.08046875
10 0.2265625 0.24375 0.0328125 0.03515625
