14 0.17421875 0.615625 0.034375 0.1171875
14 0.6234375 0.54375 0.02109375 0.0828125
14 0.578125 0.475 0.015625 0.053125
14 0.55703125 0.44296875 0.01171875 0.040625
14 0.54375 0.425 0.01015625 0.034375
4 0.60390625 0.378125 0.03984375 0.03984375
13 0.66796875 0.3578125 0.03203125 0.0421875
13 0.97578125 0.378125 0.046875 0.121875
4 0.91796875 0.3859375 0.10546875 0.08046875
13 0.81171875 0.3453125 0.134375 0.12734375
8 0.83359375 0.23671875 0.009375 0.09296875
13 0.27421875 0.33203125 0.50546875 0.2890625
