0 0.251953125 0.4465277777777778 0.0203125 0.09027777777777778
0 0.325390625 0.4583333333333333 0.02109375 0.09027777777777778
0 0.40390625 0.4701388888888889 0.0203125 0.08611111111111111
0 0.33984375 0.46805555555555556 0.021875 0.08888888888888889
0 0.29921875 0.4701388888888889 0.021875 0.10833333333333334
0 0.440234375 0.5430555555555555 0.0546875 0.2361111111111111
0 0.68046875 0.6347222222222222 0.08203125 0.4
0 0.62109375 0.6590277777777778 0.07578125 0.4736111111111111
0 0.58359375 0.6583333333333333 0.1171875 0.5194444444444445
0 0.715234375 0.7131944444444445 0.0625 0.4486111111111111
0 0.74296875 0.7173611111111111 0.0984375 0.5305555555555556
0 0.259375 0.6958333333333333 0.13125 0.5236111111111111