0 0.25 0.5006944444444444 0.02109375 0.09027777777777778
0 0.323828125 0.4965277777777778 0.021875 0.09166666666666666
0 0.402734375 0.4909722222222222 0.02109375 0.08611111111111111
0 0.338671875 0.5034722222222222 0.02265625 0.09027777777777778
0 0.2984375 0.5138888888888888 0.02265625 0.10833333333333334
0 0.443359375 0.5555555555555556 0.05703125 0.2375
0 0.688671875 0.5951388888888889 0.0859375 0.4027777777777778
0 0.63125 0.63125 0.0796875 0.475
0 0.594140625 0.6388888888888888 0.121875 0.5222222222222223
0 0.728125 0.6652777777777777 0.06640625 0.45
0 0.75625 0.6631944444444444 0.103125 0.5319444444444444
0 0.274609375 0.7409722222222223 0.13671875 0.5152777777777777