0 0.268359375 0.27569444444444446 0.115625 0.40694444444444444
0 0.36171875 0.31319444444444444 0.1109375 0.3875
0 0.169921875 0.40694444444444444 0.2203125 0.8027777777777778
0 0.453125 0.5006944444444444 0.21640625 0.7375
0 0.601953125 0.5611111111111111 0.2 0.775
0 0.801171875 0.6118055555555556 0.24296875 0.7736111111111111
0 0.45546875 0.21041666666666667 0.0359375 0.11388888888888889
0 0.325 0.1736111111111111 0.02578125 0.14166666666666666
0 0.526953125 0.23194444444444445 0.03046875 0.09861111111111111
0 0.337109375 0.18125 0.028125 0.10694444444444444
0 0.434375 0.21736111111111112 0.03359375 0.12361111111111112