0 0.244921875 0.35625 0.04921875 0.3611111111111111
0 0.66328125 0.39444444444444443 0.078125 0.43194444444444446
0 0.319921875 0.3972222222222222 0.09921875 0.6013888888888889
0 0.19609375 0.40347222222222223 0.10859375 0.5694444444444444
0 0.7640625 0.4722222222222222 0.1 0.5736111111111111
0 0.4625 0.4618055555555556 0.059375 0.48194444444444445
0 0.387109375 0.4847222222222222 0.18515625 0.9291666666666667
0 0.559375 0.5395833333333333 0.21640625 0.8694444444444445
0 0.695703125 0.12986111111111112 0.01875 0.09305555555555556
0 0.779296875 0.16180555555555556 0.0265625 0.08611111111111111
0 0.803515625 0.16458333333333333 0.02109375 0.09027777777777778
0 0.747265625 0.1638888888888889 0.01953125 0.10833333333333334
0 0.703515625 0.16944444444444445 0.02109375 0.09861111111111111