0 0.761328125 0.43819444444444444 0.12578125 0.4111111111111111
0 0.666796875 0.41388888888888886 0.12109375 0.3902777777777778
0 0.82734375 0.6083333333333333 0.2421875 0.7805555555555556
0 0.543359375 0.5305555555555556 0.23515625 0.7458333333333333
0 0.3921875 0.49166666666666664 0.2203125 0.7791666666666667
0 0.193359375 0.4263888888888889 0.2625 0.8125
0 0.6 0.25833333333333336 0.03828125 0.11527777777777778
0 0.729296875 0.30694444444444446 0.0296875 0.14166666666666666
0 0.52890625 0.2326388888888889 0.0328125 0.1
0 0.71640625 0.30625 0.03125 0.10833333333333334
0 0.618359375 0.2777777777777778 0.03671875 0.12361111111111112