0 0.7359375 0.2902777777777778 0.1078125 0.4041666666666667
0 0.641796875 0.32222222222222224 0.1046875 0.38333333333333336
0 0.83203125 0.42777777777777776 0.20625 0.7972222222222223
0 0.546875 0.5034722222222222 0.203125 0.7319444444444444
0 0.396875 0.5548611111111111 0.1859375 0.7694444444444445
0 0.196484375 0.6041666666666666 0.22890625 0.7888888888888889
0 0.550390625 0.21319444444444444 0.03359375 0.11388888888888889
0 0.68125 0.18472222222222223 0.0234375 0.14027777777777778
0 0.478125 0.23055555555555557 0.02890625 0.09722222222222222
0 0.669140625 0.19166666666666668 0.0265625 0.10555555555555556
0 0.57109375 0.22152777777777777 0.03125 0.12222222222222222