0 0.75234375 0.3402777777777778 0.05625 0.3625
0 0.334765625 0.4048611111111111 0.0859375 0.43472222222222223
0 0.678125 0.3861111111111111 0.1109375 0.6055555555555555
0 0.8015625 0.38472222222222224 0.11953125 0.575
0 0.235546875 0.48819444444444443 0.1109375 0.5777777777777777
0 0.53671875 0.45902777777777776 0.06875 0.4847222222222222
0 0.6125 0.4777777777777778 0.203125 0.9375
0 0.44140625 0.54375 0.2328125 0.8791666666666667
0 0.297265625 0.1423611111111111 0.02109375 0.09305555555555556
0 0.2140625 0.17916666666666667 0.028125 0.0875
0 0.18984375 0.18333333333333332 0.02265625 0.09166666666666666
0 0.24609375 0.17916666666666667 0.02109375 0.10833333333333334
0 0.290234375 0.18194444444444444 0.0234375 0.1