0 0.766796875 0.4618055555555556 0.0796875 0.36666666666666664
0 0.354296875 0.33194444444444443 0.1140625 0.44305555555555554
0 0.688671875 0.47152777777777777 0.15 0.6138888888888889
0 0.808203125 0.5270833333333333 0.15625 0.5861111111111111
0 0.246484375 0.36736111111111114 0.1484375 0.5875
0 0.54140625 0.4777777777777778 0.10078125 0.4875
0 0.612109375 0.5243055555555556 0.26328125 0.9486111111111111
0 0.437109375 0.5152777777777777 0.28828125 0.9097222222222222
0 0.35625 0.06111111111111111 0.0265625 0.09583333333333334
0 0.270703125 0.058333333333333334 0.03359375 0.09166666666666666
0 0.246484375 0.05138888888888889 0.02890625 0.09444444444444444
0 0.3015625 0.07361111111111111 0.028125 0.1111111111111111
0 0.34375 0.09652777777777778 0.0296875 0.10138888888888889