0 0.848046875 0.22777777777777777 0.07421875 0.24444444444444444
0 0.180078125 0.5430555555555555 0.1140625 0.2263888888888889
0 0.11875 0.5777777777777777 0.10078125 0.3013888888888889
0 0.253515625 0.5409722222222222 0.07890625 0.18194444444444444
0 0.3953125 0.5756944444444444 0.2421875 0.5861111111111111
0 0.909765625 0.40208333333333335 0.17890625 0.49583333333333335
0 0.748046875 0.4722222222222222 0.246875 0.5138888888888888
0 0.108984375 0.74375 0.21796875 0.4930555555555556
0 0.563671875 0.5590277777777778 0.1265625 0.44583333333333336
0 0.490625 0.5895833333333333 0.11015625 0.4388888888888889
0 0.29609375 0.6708333333333333 0.1625 0.45555555555555555
0 0.184375 0.7180555555555556 0.1484375 0.43333333333333335
0 0.831640625 0.4534722222222222 0.1484375 0.4444444444444444
0 0.63984375 0.5465277777777777 0.13828125 0.4166666666666667