0 0.4953125 0.6166666666666667 0.0625 0.4125
0 0.21484375 0.6472222222222223 0.05390625 0.5236111111111111
0 0.7953125 0.6555555555555556 0.05546875 0.5305555555555556
0 0.65390625 0.6833333333333333 0.0765625 0.5625
0 0.7203125 0.6902777777777778 0.175 0.6152777777777778
0 0.26875 0.6958333333333333 0.09140625 0.6013888888888889
0 0.83515625 0.6972222222222222 0.08203125 0.6013888888888889
0 0.32734375 0.7013888888888888 0.09375 0.5944444444444444
0 0.12734375 0.7041666666666667 0.1 0.5875
0 0.4015625 0.7069444444444445 0.17734375 0.5833333333333334
0 0.86796875 0.7097222222222223 0.10390625 0.5763888888888888
0 0.53671875 0.7138888888888889 0.07421875 0.5694444444444444
0 0.5796875 0.7152777777777778 0.11953125 0.5638888888888889
0 0.18515625 0.7208333333333333 0.06953125 0.5361111111111111