0 0.484765625 0.6486111111111111 0.0390625 0.10277777777777777
0 0.5296875 0.6673611111111111 0.04375 0.10555555555555556
0 0.459375 0.6409722222222223 0.02890625 0.10972222222222222
0 0.515625 0.6631944444444444 0.0296875 0.09861111111111111
0 0.446875 0.6375 0.02578125 0.09305555555555556
0 0.41328125 0.625 0.02734375 0.10416666666666667
0 0.383984375 0.6166666666666667 0.03984375 0.10972222222222222
0 0.501953125 0.6625 0.03125 0.1125
0 0.576171875 0.6909722222222222 0.03671875 0.1111111111111111
0 0.35234375 0.60625 0.04609375 0.11666666666666667
0 0.6328125 0.7131944444444445 0.02734375 0.0875
0 0.646875 0.7215277777777778 0.03671875 0.11388888888888889
0 0.67734375 0.7347222222222223 0.0484375 0.12777777777777777
0 0.748828125 0.7631944444444444 0.02734375 0.10972222222222222
0 0.7171875 0.7541666666666667 0.03828125 0.09166666666666666
0 0.701171875 0.7493055555555556 0.0484375 0.10972222222222222