0 0.49140625 0.3347222222222222 0.0859375 0.2111111111111111
0 0.63515625 0.34444444444444444 0.071875 0.29583333333333334
0 0.71796875 0.32013888888888886 0.07421875 0.2861111111111111
0 0.68828125 0.3423611111111111 0.0703125 0.2652777777777778
0 0.3796875 0.4388888888888889 0.03984375 0.20555555555555555
0 0.410546875 0.4361111111111111 0.05078125 0.19444444444444445
0 0.22734375 0.5090277777777777 0.1 0.39305555555555555
0 0.36171875 0.4895833333333333 0.07265625 0.34305555555555556
0 0.228515625 0.5472222222222223 0.10859375 0.38055555555555554
0 0.462890625 0.4861111111111111 0.12734375 0.3972222222222222
0 0.64296875 0.4465277777777778 0.09609375 0.3861111111111111
0 0.34765625 0.5409722222222222 0.0921875 0.3902777777777778
0 0.16640625 0.6 0.1171875 0.43333333333333335
0 0.476953125 0.5256944444444445 0.1 0.3638888888888889
0 0.309765625 0.5819444444444445 0.13671875 0.5027777777777778
0 0.615234375 0.5354166666666667 0.13203125 0.5666666666666667
0 0.516796875 0.5791666666666667 0.103125 0.44583333333333336
0 0.7875 0.5125 0.1375 0.5069444444444444
0 0.8546875 0.5229166666666667 0.1265625 0.49444444444444446