0 0.595703125 0.5326388888888889 0.0140625 0.06666666666666667
0 0.508984375 0.5263888888888889 0.02734375 0.15694444444444444
0 0.475390625 0.5236111111111111 0.04296875 0.1875
0 0.69375 0.5534722222222223 0.04453125 0.2
0 0.60625 0.5423611111111111 0.01484375 0.059722222222222225
0 0.744921875 0.5652777777777778 0.16171875 0.4736111111111111
0 0.61875 0.5493055555555556 0.01875 0.06527777777777778
0 0.878125 0.5833333333333334 0.125 0.5222222222222223
0 0.658203125 0.5583333333333333 0.05234375 0.18888888888888888
0 0.571484375 0.5493055555555556 0.0546875 0.175
0 0.191796875 0.5076388888888889 0.04921875 0.1875
0 0.30859375 0.5291666666666667 0.03203125 0.14722222222222223
0 0.25625 0.5256944444444445 0.09921875 0.44166666666666665
0 0.16796875 0.5159722222222223 0.02734375 0.14583333333333334
0 0.832421875 0.6069444444444444 0.04921875 0.1375
0 0.09375 0.5173611111111112 0.10703125 0.47638888888888886