0 0.496484375 0.6513888888888889 0.0328125 0.09722222222222222
0 0.5421875 0.6583333333333333 0.0375 0.1
0 0.470703125 0.6493055555555556 0.02109375 0.10694444444444444
0 0.528125 0.6583333333333333 0.0234375 0.09583333333333334
0 0.458203125 0.6493055555555556 0.01875 0.09027777777777778
0 0.423828125 0.6451388888888889 0.01953125 0.10138888888888889
0 0.394140625 0.6444444444444445 0.0328125 0.10416666666666667
0 0.51484375 0.6604166666666667 0.0234375 0.10972222222222222
0 0.590234375 0.6701388888888888 0.02890625 0.10694444444444444
0 0.362109375 0.6416666666666667 0.03828125 0.1111111111111111
0 0.648046875 0.6784722222222223 0.02109375 0.08472222222222223
0 0.662890625 0.6833333333333333 0.02890625 0.10972222222222222
0 0.69375 0.6881944444444444 0.03984375 0.12222222222222222
0 0.7671875 0.6986111111111111 0.01875 0.10833333333333334
0 0.73515625 0.6979166666666666 0.03203125 0.08611111111111111
0 0.71875 0.6972222222222222 0.04140625 0.10277777777777777