0 0.748046875 0.7583333333333333 0.0890625 0.2625
0 0.503125 0.8006944444444445 0.09375 0.30277777777777776
0 0.53984375 0.8006944444444445 0.0515625 0.2611111111111111
0 0.230078125 0.85 0.0484375 0.275
0 0.584375 0.7979166666666667 0.06484375 0.2375
0 0.45234375 0.8194444444444444 0.06171875 0.23333333333333334
0 0.333984375 0.8409722222222222 0.04375 0.24166666666666667
0 0.6421875 0.7930555555555555 0.05234375 0.26944444444444443
0 0.66796875 0.7902777777777777 0.0703125 0.26805555555555555
0 0.2875 0.8493055555555555 0.08125 0.2902777777777778
0 0.387890625 0.8354166666666667 0.08203125 0.2652777777777778
0 0.851171875 0.7645833333333333 0.07265625 0.2652777777777778
0 0.32265625 0.8465277777777778 0.07578125 0.2777777777777778
0 0.189453125 0.8666666666666667 0.07734375 0.2638888888888889
0 0.74921875 0.7819444444444444 0.0828125 0.2638888888888889
0 0.134375 0.8708333333333333 0.05625 0.25555555555555554
0 0.265234375 0.8513888888888889 0.08515625 0.29444444444444445
0 0.80703125 0.7770833333333333 0.05703125 0.2791666666666667
0 0.215625 0.8694444444444445 0.05078125 0.23472222222222222
0 0.473046875 0.8291666666666667 0.08203125 0.2652777777777778
0 0.912109375 0.7631944444444444 0.05703125 0.2652777777777778
0 0.6265625 0.8076388888888889 0.09296875 0.2361111111111111
0 0.909765625 0.7652777777777777 0.04765625 0.24166666666666667
0 0.42265625 0.8423611111111111 0.05859375 0.24583333333333332
0 0.710546875 0.7979166666666667 0.08828125 0.2652777777777778
0 0.87734375 0.7770833333333333 0.0375 0.2513888888888889
0 0.15 0.8819444444444444 0.0921875 0.23333333333333334