0 0.85703125 0.41458333333333336 0.08984375 0.30277777777777776
0 0.43671875 0.5458333333333333 0.06015625 0.29305555555555557
0 0.5640625 0.5256944444444445 0.11640625 0.5472222222222223
0 0.29921875 0.6 0.096875 0.4083333333333333
0 0.633984375 0.5131944444444444 0.13984375 0.43333333333333335
0 0.734765625 0.4888888888888889 0.1421875 0.5611111111111111
0 0.89453125 0.44375 0.09375 0.40694444444444444
0 0.692578125 0.5048611111111111 0.0828125 0.45
0 0.51015625 0.5590277777777778 0.1890625 0.6166666666666667
0 0.81640625 0.47430555555555554 0.10625 0.39166666666666666
0 0.405078125 0.6 0.09609375 0.4583333333333333
0 0.342578125 0.6173611111111111 0.1328125 0.4305555555555556
0 0.194140625 0.65 0.16015625 0.6972222222222222
0 0.093359375 0.6708333333333333 0.18671875 0.6555555555555556
0 0.92890625 0.46805555555555556 0.140625 0.49444444444444446
0 0.788671875 0.51875 0.05546875 0.2972222222222222