0 0.564453125 0.7097222222222223 0.0140625 0.04027777777777778
0 0.4890625 0.7430555555555556 0.0234375 0.09027777777777778
0 0.67578125 0.6881944444444444 0.0265625 0.07777777777777778
0 0.66328125 0.6979166666666666 0.01953125 0.06944444444444445
0 0.387109375 0.8076388888888889 0.0390625 0.1361111111111111
0 0.70390625 0.6986111111111111 0.0328125 0.11388888888888889
0 0.185546875 0.8930555555555556 0.03515625 0.17916666666666667
0 0.17265625 0.8972222222222223 0.04140625 0.19027777777777777
0 0.586328125 0.7645833333333333 0.05390625 0.18055555555555555
0 0.84140625 0.6805555555555556 0.04453125 0.18333333333333332
0 0.43125 0.825 0.053125 0.22083333333333333
0 0.631640625 0.7576388888888889 0.046875 0.18611111111111112
0 0.75 0.7180555555555556 0.03984375 0.19305555555555556
0 0.47421875 0.8173611111111111 0.05078125 0.2125
0 0.768359375 0.7215277777777778 0.05546875 0.21666666666666667
0 0.607421875 0.7895833333333333 0.04765625 0.14166666666666666
0 0.559765625 0.8076388888888889 0.04140625 0.1111111111111111
0 0.3390625 0.8659722222222223 0.084375 0.2652777777777778
0 0.908984375 0.6965277777777777 0.08125 0.2833333333333333
0 0.374609375 0.8909722222222223 0.08984375 0.2152777777777778