0 0.506640625 0.5840277777777778 0.134375 0.6652777777777777
0 0.84453125 0.6618055555555555 0.17734375 0.6666666666666666
0 0.870703125 0.6694444444444444 0.12265625 0.5652777777777778
0 0.65625 0.6041666666666666 0.2078125 0.7888888888888889
0 0.115234375 0.2465277777777778 0.065625 0.33611111111111114
0 0.263671875 0.45694444444444443 0.0953125 0.5666666666666667
0 0.157421875 0.46597222222222223 0.121875 0.5458333333333333
0 0.4 0.5243055555555556 0.1234375 0.55
0 0.566015625 0.5701388888888889 0.10390625 0.6013888888888889
0 0.383984375 0.5361111111111111 0.128125 0.6166666666666667
0 0.199609375 0.49722222222222223 0.203125 0.6972222222222222
0 0.3125 0.525 0.14296875 0.5652777777777778