0 0.494921875 0.6513888888888889 0.03359375 0.09861111111111111
0 0.540625 0.6597222222222222 0.03828125 0.1
0 0.469140625 0.6486111111111111 0.02265625 0.10833333333333334
0 0.5265625 0.6590277777777778 0.02421875 0.09583333333333334
0 0.456640625 0.6479166666666667 0.0203125 0.09027777777777778
0 0.422265625 0.6423611111111112 0.0203125 0.10138888888888889
0 0.392578125 0.6409722222222223 0.03359375 0.10555555555555556
0 0.51328125 0.6611111111111111 0.025 0.10972222222222222
0 0.588671875 0.6729166666666667 0.0296875 0.10833333333333334
0 0.360546875 0.6375 0.03984375 0.1125
0 0.64609375 0.6833333333333333 0.021875 0.08611111111111111
0 0.6609375 0.6881944444444444 0.03046875 0.10972222222222222
0 0.691796875 0.6944444444444444 0.040625 0.12361111111111112
0 0.765234375 0.7069444444444445 0.0203125 0.10833333333333334
0 0.733203125 0.7048611111111112 0.0328125 0.0875
0 0.716796875 0.7034722222222223 0.0421875 0.10416666666666667