0 0.596484375 0.5270833333333333 0.01328125 0.06527777777777778
0 0.509765625 0.5256944444444445 0.02421875 0.15555555555555556
0 0.476171875 0.525 0.03984375 0.18611111111111112
0 0.69453125 0.5409722222222222 0.040625 0.1986111111111111
0 0.60703125 0.5361111111111111 0.01328125 0.059722222222222225
0 0.74609375 0.55 0.153125 0.4652777777777778
0 0.61953125 0.5423611111111111 0.01796875 0.06527777777777778
0 0.8796875 0.5597222222222222 0.115625 0.5152777777777777
0 0.659375 0.5486111111111112 0.04921875 0.18611111111111112
0 0.57265625 0.5451388888888888 0.0515625 0.17222222222222222
0 0.1921875 0.5270833333333333 0.04609375 0.18611111111111112
0 0.309375 0.5409722222222222 0.0296875 0.14583333333333334
0 0.25703125 0.5402777777777777 0.09140625 0.4375
0 0.16875 0.5361111111111111 0.025 0.14444444444444443
0 0.834375 0.5861111111111111 0.046875 0.13472222222222222
0 0.094140625 0.5430555555555555 0.0984375 0.4722222222222222