0 0.065234375 0.34930555555555554 0.03359375 0.10972222222222222
0 0.28671875 0.46319444444444446 0.05859375 0.2611111111111111
0 0.48671875 0.5666666666666667 0.09375 0.45555555555555555
0 0.525390625 0.5861111111111111 0.084375 0.4083333333333333
0 0.79921875 0.6645833333333333 0.19375 0.6680555555555555
0 0.432421875 0.59375 0.14609375 0.5444444444444444
0 0.70859375 0.6659722222222222 0.09921875 0.45416666666666666
0 0.23984375 0.5486111111111112 0.11328125 0.41388888888888886
0 0.041796875 0.4986111111111111 0.08359375 0.5361111111111111
0 0.339453125 0.5861111111111111 0.12421875 0.5194444444444445
0 0.0984375 0.5597222222222222 0.08671875 0.49583333333333335
0 0.55859375 0.6770833333333334 0.12890625 0.5833333333333334
0 0.144921875 0.5784722222222223 0.1390625 0.5416666666666666