0 0.20078125 0.5270833333333333 0.02109375 0.06527777777777778
0 0.518359375 0.6076388888888888 0.07734375 0.275
0 0.948828125 0.7138888888888889 0.0265625 0.18194444444444444
0 0.8765625 0.7013888888888888 0.0421875 0.18055555555555555
0 0.9203125 0.71875 0.05859375 0.21666666666666667
0 0.669921875 0.6715277777777777 0.04453125 0.1527777777777778
0 0.380859375 0.6402777777777777 0.07265625 0.375
0 0.1484375 0.5993055555555555 0.084375 0.4263888888888889
0 0.283203125 0.6416666666666667 0.0859375 0.37916666666666665
0 0.828515625 0.7541666666666667 0.15078125 0.4888888888888889
0 0.425390625 0.7354166666666667 0.1390625 0.5152777777777777
0 0.230859375 0.6944444444444444 0.16484375 0.5166666666666667
0 0.569140625 0.7576388888888889 0.17578125 0.48194444444444445