0 0.28203125 0.10347222222222222 0.025 0.10972222222222222
0 0.262890625 0.10416666666666667 0.0296875 0.12777777777777777
0 0.159765625 0.10208333333333333 0.04765625 0.20416666666666666
0 0.838671875 0.2763888888888889 0.06953125 0.2986111111111111
0 0.314453125 0.24027777777777778 0.115625 0.4652777777777778
0 0.208203125 0.23333333333333334 0.13984375 0.4666666666666667
0 0.363671875 0.3854166666666667 0.27109375 0.7708333333333334
0 0.71171875 0.4576388888888889 0.1921875 0.7416666666666667
0 0.48984375 0.4076388888888889 0.146875 0.7319444444444444
0 0.582421875 0.4465277777777778 0.17734375 0.7375
0 0.84609375 0.5708333333333333 0.125 0.7680555555555556