0 0.925390625 0.2826388888888889 0.03828125 0.1125
0 0.710546875 0.4305555555555556 0.0703125 0.2638888888888889
0 0.51640625 0.5645833333333333 0.1140625 0.4583333333333333
0 0.47890625 0.5902777777777778 0.103125 0.4097222222222222
0 0.2109375 0.6847222222222222 0.2234375 0.6277777777777778
0 0.571875 0.5833333333333334 0.16953125 0.5527777777777778
0 0.300390625 0.6972222222222222 0.11953125 0.45694444444444443
0 0.76171875 0.5083333333333333 0.13125 0.42083333333333334
0 0.951171875 0.4270833333333333 0.09609375 0.5375
0 0.6640625 0.5611111111111111 0.14765625 0.5236111111111111
0 0.903125 0.49722222222222223 0.11015625 0.49583333333333335
0 0.450390625 0.6854166666666667 0.1546875 0.5875
0 0.857421875 0.5229166666666667 0.1625 0.5486111111111112