0 0.446484375 0.66875 0.040625 0.14444444444444443
0 0.419921875 0.6756944444444445 0.0265625 0.12222222222222222
0 0.345703125 0.7138888888888889 0.0421875 0.19166666666666668
0 0.68828125 0.6520833333333333 0.06328125 0.23055555555555557
0 0.487890625 0.6986111111111111 0.04765625 0.2
0 0.40859375 0.7243055555555555 0.05234375 0.25
0 0.27109375 0.7555555555555555 0.04921875 0.20416666666666666
0 0.73828125 0.6548611111111111 0.0609375 0.2638888888888889
0 0.77421875 0.6652777777777777 0.05390625 0.2763888888888889
0 0.648046875 0.6930555555555555 0.05703125 0.2777777777777778
0 0.246875 0.7902777777777777 0.034375 0.25277777777777777
0 0.377734375 0.80625 0.08125 0.3861111111111111
0 0.30390625 0.8229166666666666 0.0953125 0.35138888888888886