0 0.597265625 0.4875 0.01875 0.06805555555555555
0 0.5125 0.5208333333333334 0.0375 0.15833333333333333
0 0.4796875 0.5340277777777778 0.0546875 0.19166666666666668
0 0.694921875 0.4625 0.05703125 0.20416666666666666
0 0.608984375 0.49236111111111114 0.01875 0.06111111111111111
0 0.74609375 0.45 0.190625 0.49722222222222223
0 0.621875 0.4930555555555556 0.02265625 0.06805555555555555
0 0.87734375 0.40625 0.15859375 0.5361111111111111
0 0.661328125 0.4840277777777778 0.0640625 0.19583333333333333
0 0.5765625 0.5145833333333333 0.065625 0.18333333333333332
0 0.203515625 0.6493055555555556 0.0609375 0.19444444444444445
0 0.319140625 0.6159722222222223 0.04140625 0.15138888888888888
0 0.268359375 0.6368055555555555 0.12734375 0.4527777777777778
0 0.181640625 0.6680555555555555 0.03671875 0.14722222222222223
0 0.83671875 0.45 0.0578125 0.14444444444444443
0 0.11015625 0.7041666666666667 0.1375 0.4888888888888889