0 0.262109375 0.5611111111111111 0.04140625 0.19027777777777777
0 0.2234375 0.5597222222222222 0.07265625 0.22361111111111112
0 0.88671875 0.7576388888888889 0.06875 0.37083333333333335
0 0.096875 0.5479166666666667 0.0625 0.23055555555555557
0 0.617578125 0.6979166666666666 0.0890625 0.3875
0 0.500390625 0.6645833333333333 0.0625 0.28888888888888886
0 0.840625 0.7604166666666666 0.12265625 0.45416666666666666
0 0.580859375 0.6944444444444444 0.07421875 0.35694444444444445
0 0.23828125 0.6034722222222222 0.04296875 0.2388888888888889
0 0.53359375 0.6993055555555555 0.13125 0.5069444444444444
0 0.7125 0.7611111111111111 0.08359375 0.4375
0 0.65859375 0.7458333333333333 0.1375 0.5
0 0.328125 0.6805555555555556 0.17265625 0.5708333333333333
0 0.433203125 0.7159722222222222 0.13359375 0.5486111111111112
0 0.76484375 0.7819444444444444 0.1609375 0.43333333333333335
0 0.17421875 0.6854166666666667 0.13515625 0.46805555555555556