0 0.854296875 0.6152777777777778 0.08984375 0.30277777777777776
0 0.43203125 0.5090277777777777 0.06015625 0.29305555555555557
0 0.55625 0.5597222222222222 0.11640625 0.5472222222222223
0 0.291796875 0.4847222222222222 0.096875 0.4083333333333333
0 0.625390625 0.5861111111111111 0.13984375 0.43333333333333335
0 0.725 0.6180555555555556 0.1421875 0.5611111111111111
0 0.884765625 0.6631944444444444 0.09375 0.40694444444444444
0 0.682421875 0.6104166666666667 0.0828125 0.45
0 0.49921875 0.5618055555555556 0.1890625 0.6166666666666667
0 0.80546875 0.6493055555555556 0.10625 0.39166666666666666
0 0.392578125 0.5430555555555555 0.09609375 0.4583333333333333
0 0.330078125 0.525 0.1328125 0.4305555555555556
0 0.178125 0.4979166666666667 0.159375 0.7472222222222222
0 0.085546875 0.4708333333333333 0.17109375 0.7305555555555555
0 0.92109375 0.7111111111111111 0.15625 0.49444444444444446
0 0.771484375 0.6763888888888889 0.05546875 0.2972222222222222