0 0.863671875 0.3972222222222222 0.03125 0.075
0 0.89375 0.41388888888888886 0.03125 0.09305555555555556
0 0.627734375 0.3055555555555556 0.01953125 0.06527777777777778
0 0.965625 0.44722222222222224 0.03203125 0.09861111111111111
0 0.945703125 0.4388888888888889 0.0359375 0.09305555555555556
0 0.753515625 0.3645833333333333 0.02578125 0.09305555555555556
0 0.571875 0.29305555555555557 0.0296875 0.09861111111111111
0 0.7671875 0.37430555555555556 0.02578125 0.09583333333333334
0 0.558203125 0.2916666666666667 0.02109375 0.075
0 0.151171875 0.14722222222222223 0.03359375 0.10555555555555556
0 0.0828125 0.1361111111111111 0.0296875 0.1125
0 0.48828125 0.3368055555555556 0.1078125 0.3263888888888889
0 0.207421875 0.36875 0.20078125 0.7375
0 0.236328125 0.4131944444444444 0.2234375 0.8069444444444445
0 0.650390625 0.5645833333333333 0.25859375 0.8680555555555556
0 0.3640625 0.5083333333333333 0.25234375 0.9069444444444444