0 0.513671875 0.6145833333333334 0.09453125 0.4236111111111111
0 0.79375 0.575 0.09453125 0.5319444444444444
0 0.219921875 0.7270833333333333 0.09609375 0.5388888888888889
0 0.3625 0.7145833333333333 0.1203125 0.5680555555555555
0 0.296875 0.7076388888888889 0.221875 0.5819444444444445
0 0.744140625 0.6368055555555555 0.1375 0.6180555555555556
0 0.183984375 0.7347222222222223 0.12890625 0.5277777777777778
0 0.68671875 0.6569444444444444 0.1390625 0.6125
0 0.88515625 0.6097222222222223 0.1453125 0.6069444444444444
0 0.613671875 0.6805555555555556 0.22109375 0.6222222222222222
0 0.15234375 0.7493055555555556 0.1484375 0.4986111111111111
0 0.48046875 0.7138888888888889 0.11875 0.5694444444444444
0 0.437890625 0.71875 0.16328125 0.5597222222222222
0 0.82890625 0.6409722222222223 0.1109375 0.5486111111111112