0 0.258203125 0.46944444444444444 0.04140625 0.12638888888888888
0 0.169140625 0.48055555555555557 0.0375 0.13055555555555556
0 0.421875 0.475 0.0375 0.16666666666666666
0 0.456640625 0.48333333333333334 0.0296875 0.16111111111111112
0 0.878515625 0.46458333333333335 0.040625 0.23194444444444445
0 0.59765625 0.5006944444444444 0.05078125 0.2652777777777778
0 0.641015625 0.5006944444444444 0.06328125 0.2916666666666667
0 0.401171875 0.5229166666666667 0.03125 0.18194444444444444
0 0.373046875 0.5409722222222222 0.05234375 0.275
0 0.75234375 0.5097222222222222 0.0484375 0.2569444444444444
0 0.90546875 0.5097222222222222 0.04296875 0.325
0 0.104296875 0.5881944444444445 0.05859375 0.2708333333333333
0 0.56953125 0.5520833333333334 0.0890625 0.31805555555555554
0 0.226171875 0.5840277777777778 0.0734375 0.3347222222222222
0 0.70546875 0.5701388888888889 0.0796875 0.35555555555555557
0 0.8328125 0.5694444444444444 0.0875 0.48055555555555557
0 0.321484375 0.6277777777777778 0.0828125 0.4097222222222222
0 0.164453125 0.6576388888888889 0.09453125 0.39444444444444443
0 0.4921875 0.7118055555555556 0.13046875 0.5611111111111111