0 0.127734375 0.6277777777777778 0.18203125 0.7416666666666667
0 0.491015625 0.6201388888888889 0.2 0.6277777777777778
0 0.3078125 0.7034722222222223 0.1953125 0.5902777777777778
0 0.171875 0.7729166666666667 0.109375 0.4513888888888889
0 0.202734375 0.7784722222222222 0.12421875 0.44027777777777777
0 0.608984375 0.6222222222222222 0.1390625 0.44305555555555554
0 0.384375 0.75 0.08125 0.2652777777777778
0 0.425390625 0.7375 0.065625 0.2361111111111111
0 0.900390625 0.5361111111111111 0.0890625 0.2222222222222222
0 0.9171875 0.5354166666666667 0.0484375 0.1736111111111111
0 0.842578125 0.5729166666666666 0.08359375 0.2222222222222222