0 0.496484375 0.33402777777777776 0.08046875 0.20694444444444443
0 0.63984375 0.3576388888888889 0.0640625 0.29305555555555557
0 0.72265625 0.34097222222222223 0.0671875 0.2833333333333333
0 0.692578125 0.3597222222222222 0.06328125 0.2638888888888889
0 0.381640625 0.42777777777777776 0.034375 0.20555555555555555
0 0.4125 0.4284722222222222 0.0453125 0.19305555555555556
0 0.22734375 0.4840277777777778 0.08984375 0.3902777777777778
0 0.362109375 0.47708333333333336 0.06328125 0.34305555555555556
0 0.227734375 0.5215277777777778 0.0984375 0.3763888888888889
0 0.46328125 0.4826388888888889 0.1171875 0.39166666666666666
0 0.64453125 0.46041666666666664 0.08515625 0.38333333333333336
0 0.346875 0.5263888888888889 0.08203125 0.3888888888888889
0 0.1640625 0.5694444444444444 0.10625 0.42916666666666664
0 0.4765625 0.5236111111111111 0.090625 0.3611111111111111
0 0.3078125 0.5645833333333333 0.1234375 0.4986111111111111
0 0.6140625 0.5465277777777777 0.11640625 0.5625
0 0.5140625 0.5805555555555556 0.090625 0.44305555555555554
0 0.78671875 0.5395833333333333 0.12421875 0.5027777777777778
0 0.853515625 0.5555555555555556 0.11328125 0.49027777777777776