0 0.31640625 0.4652777777777778 0.14453125 0.47638888888888886
0 0.89140625 0.21458333333333332 0.04765625 0.15
0 0.86796875 0.2298611111111111 0.0421875 0.1361111111111111
0 0.92109375 0.21319444444444444 0.0390625 0.12222222222222222
0 0.392578125 0.5375 0.08515625 0.2625
0 0.85078125 0.3472222222222222 0.12421875 0.40555555555555556
0 0.67109375 0.47291666666666665 0.1546875 0.4486111111111111
0 0.10390625 0.7284722222222222 0.11953125 0.39861111111111114
0 0.51640625 0.5583333333333333 0.15625 0.4722222222222222
0 0.7953125 0.4652777777777778 0.19765625 0.5972222222222222
0 0.21640625 0.7444444444444445 0.225 0.5083333333333333