0 0.200390625 0.49930555555555556 0.02265625 0.06666666666666667
0 0.515234375 0.6090277777777777 0.084375 0.2777777777777778
0 0.941796875 0.7555555555555555 0.03125 0.18194444444444444
0 0.869921875 0.7361111111111112 0.046875 0.18194444444444444
0 0.91328125 0.7576388888888889 0.0640625 0.21944444444444444
0 0.66484375 0.6868055555555556 0.04921875 0.15416666666666667
0 0.376953125 0.6291666666666667 0.0828125 0.37777777777777777
0 0.14609375 0.5666666666666667 0.09609375 0.42777777777777776
0 0.279296875 0.6215277777777778 0.09609375 0.3819444444444444
0 0.819140625 0.7680555555555556 0.16640625 0.46111111111111114
0 0.41875 0.7284722222222222 0.15234375 0.5208333333333334
0 0.225390625 0.6694444444444444 0.178125 0.525
0 0.56171875 0.7583333333333333 0.1890625 0.48055555555555557