0 0.529296875 0.7333333333333333 0.01171875 0.03888888888888889
0 0.451953125 0.7284722222222222 0.01796875 0.08888888888888889
0 0.63984375 0.7673611111111112 0.02265625 0.075
0 0.626171875 0.7708333333333334 0.015625 0.06805555555555555
0 0.34375 0.7402777777777778 0.03203125 0.13333333333333333
0 0.665234375 0.7902777777777777 0.02734375 0.1111111111111111
0 0.13671875 0.7236111111111111 0.025 0.17777777777777778
0 0.123828125 0.7215277777777778 0.03125 0.18888888888888888
0 0.541796875 0.7965277777777777 0.04453125 0.17777777777777778
0 0.8 0.8409722222222222 0.034375 0.18055555555555555
0 0.38359375 0.7791666666666667 0.040625 0.21805555555555556
0 0.58671875 0.8118055555555556 0.03671875 0.18472222222222223
0 0.70625 0.8319444444444445 0.02890625 0.19305555555555556
0 0.426171875 0.7923611111111111 0.0390625 0.2111111111111111
0 0.723828125 0.8444444444444444 0.04375 0.21388888888888888
0 0.558203125 0.83125 0.03984375 0.1375
0 0.509765625 0.825 0.0359375 0.10694444444444444
0 0.284765625 0.7930555555555555 0.0671875 0.3
0 0.86328125 0.8743055555555556 0.0671875 0.24861111111111112
0 0.314453125 0.8416666666666667 0.07578125 0.2625