0 0.25859375 0.5375 0.05078125 0.13472222222222222
0 0.171484375 0.5729166666666666 0.04765625 0.1375
0 0.420703125 0.49722222222222223 0.0515625 0.17222222222222222
0 0.45546875 0.49583333333333335 0.04296875 0.1638888888888889
0 0.870703125 0.3597222222222222 0.059375 0.2361111111111111
0 0.596484375 0.4736111111111111 0.07265625 0.2708333333333333
0 0.6390625 0.4618055555555556 0.0875 0.3013888888888889
0 0.4046875 0.55 0.04609375 0.18472222222222223
0 0.378125 0.5756944444444444 0.075 0.28194444444444444
0 0.75 0.4395833333333333 0.0703125 0.2625
0 0.901171875 0.39652777777777776 0.0703125 0.3277777777777778
0 0.1171875 0.6972222222222222 0.08046875 0.2791666666666667
0 0.5734375 0.5319444444444444 0.1140625 0.3333333333333333
0 0.237109375 0.6590277777777778 0.10078125 0.3458333333333333
0 0.708984375 0.5118055555555555 0.10859375 0.3680555555555556
0 0.834765625 0.4756944444444444 0.12734375 0.49166666666666664
0 0.334765625 0.6756944444444445 0.1171875 0.4222222222222222
0 0.182421875 0.7493055555555556 0.12734375 0.4097222222222222
0 0.5109375 0.7097222222222223 0.1765625 0.5777777777777777