0 0.50078125 0.40902777777777777 0.02109375 0.07916666666666666
0 0.466796875 0.41041666666666665 0.0390625 0.13055555555555556
0 0.589453125 0.4465277777777778 0.03203125 0.11527777777777778
0 0.5296875 0.44930555555555557 0.0453125 0.20972222222222223
0 0.61484375 0.4888888888888889 0.03359375 0.17083333333333334
0 0.743359375 0.5208333333333334 0.0390625 0.20277777777777778
0 0.37890625 0.44166666666666665 0.046875 0.225
0 0.358203125 0.4423611111111111 0.071875 0.2875
0 0.15703125 0.40555555555555556 0.06484375 0.2611111111111111
0 0.552734375 0.4986111111111111 0.0703125 0.33055555555555555
0 0.71484375 0.5354166666666667 0.059375 0.2902777777777778
0 0.416796875 0.47638888888888886 0.08984375 0.325
0 0.270703125 0.44583333333333336 0.0765625 0.2638888888888889
0 0.232421875 0.44305555555555554 0.0625 0.25833333333333336
0 0.637109375 0.5326388888888889 0.07578125 0.325
0 0.31015625 0.46944444444444444 0.06015625 0.22916666666666666
0 0.4765625 0.5340277777777778 0.06484375 0.3
0 0.690625 0.6034722222222222 0.0953125 0.4097222222222222
0 0.7859375 0.6798611111111111 0.1359375 0.5291666666666667