0 0.5109375 0.7381944444444445 0.01484375 0.04027777777777778
0 0.434375 0.7138888888888889 0.025 0.09027777777777778
0 0.617578125 0.7993055555555556 0.028125 0.07777777777777778
0 0.60390625 0.7993055555555556 0.0203125 0.06944444444444445
0 0.3265625 0.6993055555555555 0.04140625 0.1361111111111111
0 0.641015625 0.8284722222222223 0.03515625 0.11388888888888889
0 0.123046875 0.6319444444444444 0.03828125 0.17777777777777778
0 0.109765625 0.6263888888888889 0.04453125 0.19027777777777777
0 0.518359375 0.8041666666666667 0.05703125 0.18194444444444444
0 0.7703125 0.9090277777777778 0.0484375 0.17916666666666667
0 0.362890625 0.7472222222222222 0.05703125 0.22083333333333333
0 0.561328125 0.8305555555555556 0.05 0.1875
0 0.678515625 0.8798611111111111 0.04296875 0.19305555555555556
0 0.40390625 0.7715277777777778 0.0546875 0.21388888888888888
0 0.694921875 0.8930555555555556 0.06015625 0.2111111111111111
0 0.531640625 0.8423611111111111 0.04921875 0.14305555555555555
0 0.484375 0.8243055555555555 0.04375 0.1125
0 0.2640625 0.7368055555555556 0.0890625 0.30694444444444446
0 0.829296875 0.9159722222222222 0.08671875 0.16527777777777777
0 0.289453125 0.7930555555555555 0.09375 0.27361111111111114