0 0.43671875 0.4041666666666667 0.08046875 0.42083333333333334
0 0.669140625 0.33958333333333335 0.10625 0.49583333333333335
0 0.5765625 0.36875 0.10703125 0.49583333333333335
0 0.400390625 0.4326388888888889 0.1203125 0.5013888888888889
0 0.479296875 0.41875 0.10078125 0.5013888888888889
0 0.348828125 0.5180555555555556 0.10234375 0.5125
0 0.2703125 0.54375 0.15234375 0.6583333333333333
0 0.64609375 0.4597222222222222 0.14296875 0.5888888888888889
0 0.54296875 0.4951388888888889 0.14765625 0.5902777777777778
0 0.398828125 0.5444444444444444 0.184375 0.6236111111111111
0 0.208984375 0.6708333333333333 0.18984375 0.6555555555555556