0 0.778125 0.27361111111111114 0.04296875 0.14027777777777778
0 0.759375 0.29375 0.04296875 0.14583333333333334
0 0.74140625 0.3326388888888889 0.06796875 0.21388888888888888
0 0.5015625 0.45902777777777776 0.03125 0.1125
0 0.481640625 0.4736111111111111 0.03828125 0.12916666666666668
0 0.39453125 0.5395833333333333 0.0765625 0.24444444444444444
0 0.450390625 0.5361111111111111 0.0921875 0.3055555555555556
0 0.193359375 0.5701388888888889 0.38671875 0.8569444444444444
0 0.9296875 0.38819444444444445 0.1390625 0.5208333333333334
0 0.958984375 0.38055555555555554 0.08046875 0.6055555555555555
0 0.570703125 0.5847222222222223 0.190625 0.6305555555555555
0 0.378515625 0.6743055555555556 0.16953125 0.5666666666666667
0 0.70546875 0.5416666666666666 0.21015625 0.6694444444444444
0 0.88203125 0.4875 0.234375 0.7333333333333333