0 0.547265625 0.3784722222222222 0.0609375 0.41944444444444445
0 0.313671875 0.42291666666666666 0.08359375 0.49166666666666664
0 0.40703125 0.4083333333333333 0.084375 0.49166666666666664
0 0.586328125 0.3888888888888889 0.09765625 0.49583333333333335
0 0.508203125 0.4125 0.078125 0.4986111111111111
0 0.648828125 0.4479166666666667 0.078125 0.5111111111111111
0 0.728125 0.43680555555555556 0.12265625 0.6513888888888889
0 0.353125 0.5284722222222222 0.11640625 0.5805555555555556
0 0.457421875 0.5152777777777777 0.12109375 0.5819444444444445
0 0.604296875 0.4965277777777778 0.15703125 0.6111111111111112
0 0.808203125 0.5458333333333333 0.15859375 0.6722222222222223