0 0.501171875 0.6166666666666667 0.07421875 0.41805555555555557
0 0.78046875 0.6736111111111112 0.06953125 0.5277777777777778
0 0.200390625 0.6277777777777778 0.07109375 0.5347222222222222
0 0.341015625 0.66875 0.09296875 0.5694444444444444
0 0.27421875 0.6694444444444444 0.19296875 0.6305555555555555
0 0.725390625 0.7055555555555556 0.11015625 0.5861111111111111
0 0.159375 0.6659722222222222 0.1 0.6083333333333333
0 0.666796875 0.7069444444444445 0.11171875 0.5833333333333334
0 0.866015625 0.7194444444444444 0.11796875 0.5583333333333333
0 0.5921875 0.7076388888888889 0.1953125 0.5819444444444445
0 0.126171875 0.675 0.12109375 0.5847222222222223
0 0.45703125 0.7104166666666667 0.090625 0.575
0 0.4140625 0.7076388888888889 0.1359375 0.5736111111111111
0 0.8078125 0.7388888888888889 0.0859375 0.5194444444444445