0 0.738671875 0.5534722222222223 0.04375 0.19027777777777777
0 0.77734375 0.5513888888888889 0.07421875 0.225
0 0.116015625 0.7701388888888889 0.071875 0.37083333333333335
0 0.903515625 0.5354166666666667 0.06484375 0.23055555555555557
0 0.384375 0.7013888888888888 0.0921875 0.3875
0 0.501171875 0.6645833333333333 0.065625 0.28888888888888886
0 0.162109375 0.7708333333333334 0.1265625 0.45555555555555555
0 0.42109375 0.6965277777777777 0.07734375 0.35694444444444445
0 0.7625 0.5951388888888889 0.0453125 0.2388888888888889
0 0.468359375 0.7 0.13515625 0.5069444444444444
0 0.290234375 0.7673611111111112 0.0875 0.4388888888888889
0 0.344140625 0.7493055555555556 0.14296875 0.4986111111111111
0 0.673828125 0.6756944444444445 0.17734375 0.5722222222222222
0 0.56875 0.7138888888888889 0.1390625 0.55
0 0.2390625 0.7847222222222222 0.165625 0.42777777777777776
0 0.827734375 0.675 0.1390625 0.4708333333333333