0 0.28984375 0.09027777777777778 0.0265625 0.10972222222222222
0 0.27109375 0.08958333333333333 0.03203125 0.12777777777777777
0 0.16796875 0.09236111111111112 0.0515625 0.18472222222222223
0 0.84296875 0.2972222222222222 0.075 0.3
0 0.3203125 0.23194444444444445 0.125 0.4638888888888889
0 0.214453125 0.225 0.14921875 0.45
0 0.366796875 0.38333333333333336 0.28515625 0.7666666666666667
0 0.7125 0.4708333333333333 0.20546875 0.7472222222222222
0 0.491796875 0.40694444444444444 0.16015625 0.7333333333333333
0 0.583203125 0.4513888888888889 0.190625 0.7402777777777778
0 0.84453125 0.5923611111111111 0.13984375 0.7666666666666667