0 0.681640625 0.44305555555555554 0.128125 0.4722222222222222
0 0.098046875 0.2638888888888889 0.0421875 0.1486111111111111
0 0.122265625 0.27569444444444446 0.0375 0.13472222222222222
0 0.06875 0.2659722222222222 0.03515625 0.12083333333333333
0 0.60859375 0.5243055555555556 0.0765625 0.25972222222222224
0 0.144140625 0.3909722222222222 0.1109375 0.4013888888888889
0 0.328515625 0.49444444444444446 0.13984375 0.44305555555555554
0 0.904296875 0.6791666666666667 0.10546875 0.3958333333333333
0 0.4859375 0.5604166666666667 0.140625 0.4666666666666667
0 0.20390625 0.5013888888888889 0.178125 0.5902777777777778
0 0.7953125 0.7291666666666666 0.203125 0.5388888888888889