0 0.331640625 0.5645833333333333 0.22734375 0.7694444444444445
0 0.387109375 0.5895833333333333 0.04140625 0.1597222222222222
0 0.2703125 0.6263888888888889 0.03515625 0.14722222222222223
0 0.509375 0.5694444444444444 0.23125 0.775
0 0.146875 0.6638888888888889 0.04453125 0.19166666666666668
0 0.379296875 0.6076388888888888 0.0234375 0.09305555555555556
0 0.67890625 0.5354166666666667 0.1296875 0.4305555555555556
0 0.428515625 0.6034722222222222 0.0203125 0.0625
0 0.776171875 0.5194444444444445 0.06171875 0.3055555555555556
0 0.180078125 0.6965277777777777 0.0359375 0.10833333333333334
0 0.71640625 0.5736111111111111 0.15625 0.5152777777777777