0 0.590625 0.5083333333333333 0.03046875 0.0875
0 0.616015625 0.5090277777777777 0.028125 0.08055555555555556
0 0.446484375 0.5527777777777778 0.025 0.12083333333333333
0 0.473046875 0.5673611111111111 0.04296875 0.175
0 0.286328125 0.6236111111111111 0.071875 0.24861111111111112
0 0.859375 0.49444444444444446 0.084375 0.24861111111111112
0 0.3359375 0.6319444444444444 0.06328125 0.24861111111111112
0 0.380859375 0.6208333333333333 0.05703125 0.24166666666666667
0 0.212890625 0.6729166666666667 0.08046875 0.26666666666666666
0 0.499609375 0.6638888888888889 0.10078125 0.4111111111111111
0 0.430859375 0.6909722222222222 0.08984375 0.4152777777777778