0 0.469921875 0.34305555555555556 0.0921875 0.21666666666666667
0 0.341015625 0.45625 0.08203125 0.2972222222222222
0 0.259765625 0.4930555555555556 0.084375 0.2875
0 0.291796875 0.49236111111111114 0.0796875 0.26805555555555555
0 0.59609375 0.35694444444444445 0.04765625 0.20555555555555555
0 0.5671875 0.3770833333333333 0.05703125 0.19583333333333333
0 0.751171875 0.3111111111111111 0.1140625 0.3958333333333333
0 0.623828125 0.3909722222222222 0.08515625 0.34305555555555556
0 0.75859375 0.34652777777777777 0.12109375 0.38333333333333336
0 0.530859375 0.46041666666666664 0.140625 0.4041666666666667
0 0.35703125 0.5548611111111111 0.109375 0.3888888888888889
0 0.6484375 0.4270833333333333 0.10625 0.39166666666666666
0 0.827734375 0.3506944444444444 0.13203125 0.4361111111111111
0 0.5265625 0.5069444444444444 0.1125 0.36666666666666664
0 0.692578125 0.4375 0.15390625 0.5069444444444444
0 0.402734375 0.6159722222222223 0.15234375 0.5680555555555555
0 0.503125 0.5847222222222223 0.11875 0.44722222222222224
0 0.240234375 0.7194444444444444 0.1546875 0.5111111111111111
0 0.181640625 0.7631944444444444 0.14453125 0.4708333333333333