0 0.44453125 0.6666666666666666 0.0390625 0.14444444444444443
0 0.418359375 0.6729166666666667 0.02578125 0.12222222222222222
0 0.343359375 0.7097222222222223 0.040625 0.19027777777777777
0 0.68671875 0.6576388888888889 0.0609375 0.23055555555555557
0 0.4859375 0.6979166666666666 0.0453125 0.2
0 0.40625 0.7215277777777778 0.05 0.25
0 0.26875 0.7486111111111111 0.04765625 0.20277777777777778
0 0.73671875 0.6625 0.05859375 0.2638888888888889
0 0.77265625 0.6736111111111112 0.0515625 0.2763888888888889
0 0.64609375 0.6972222222222222 0.0546875 0.2763888888888889
0 0.244140625 0.7826388888888889 0.03203125 0.25277777777777777
0 0.375 0.8027777777777778 0.078125 0.38472222222222224
0 0.30078125 0.8201388888888889 0.0921875 0.35694444444444445