0 0.73046875 0.36666666666666664 0.05 0.13472222222222222
0 0.818359375 0.3388888888888889 0.046875 0.1375
0 0.57265625 0.4423611111111111 0.05 0.17222222222222222
0 0.53984375 0.4652777777777778 0.04140625 0.1638888888888889
0 0.128125 0.6284722222222222 0.0578125 0.2361111111111111
0 0.405078125 0.5423611111111111 0.0703125 0.2708333333333333
0 0.36328125 0.5611111111111111 0.084375 0.3013888888888889
0 0.598828125 0.4798611111111111 0.04453125 0.18472222222222223
0 0.62890625 0.48541666666666666 0.07265625 0.28055555555555556
0 0.256640625 0.6180555555555556 0.06796875 0.2625
0 0.1078125 0.6833333333333333 0.0671875 0.3277777777777778
0 0.895703125 0.4152777777777778 0.078125 0.2791666666666667
0 0.439453125 0.5805555555555556 0.11171875 0.33194444444444443
0 0.776953125 0.4638888888888889 0.0984375 0.34444444444444444
0 0.31015625 0.65625 0.10546875 0.36666666666666664
0 0.186328125 0.7104166666666667 0.1234375 0.49166666666666664
0 0.690625 0.5472222222222223 0.11328125 0.42083333333333334
0 0.847265625 0.5090277777777777 0.1234375 0.4083333333333333
0 0.536328125 0.7027777777777777 0.17109375 0.5805555555555556