0 0.79921875 0.5361111111111111 0.02109375 0.06527777777777778
0 0.48046875 0.6069444444444444 0.07421875 0.27361111111111114
0 0.04921875 0.7 0.02421875 0.18194444444444444
0 0.121484375 0.6895833333333333 0.040625 0.17916666666666667
0 0.077734375 0.70625 0.05625 0.2152777777777778
0 0.328515625 0.6659722222222222 0.04375 0.15138888888888888
0 0.617578125 0.6444444444444445 0.06875 0.375
0 0.85078125 0.6104166666666667 0.08046875 0.425
0 0.715234375 0.6486111111111111 0.08203125 0.37777777777777777
0 0.169140625 0.75 0.14609375 0.49722222222222223
0 0.572265625 0.7381944444444445 0.134375 0.5125
0 0.7671875 0.7027777777777777 0.16015625 0.5138888888888888
0 0.428515625 0.7576388888888889 0.17109375 0.48194444444444445