0 0.327734375 0.5006944444444444 0.2 0.7541666666666667
0 0.379296875 0.5465277777777777 0.0359375 0.15694444444444444
0 0.260546875 0.5381944444444444 0.0296875 0.14583333333333334
0 0.501171875 0.5708333333333333 0.20390625 0.7583333333333333
0 0.135546875 0.5298611111111111 0.0375 0.18888888888888888
0 0.369140625 0.5604166666666667 0.01953125 0.09166666666666666
0 0.670703125 0.6006944444444444 0.1140625 0.42083333333333334
0 0.41796875 0.575 0.01796875 0.06111111111111111
0 0.76796875 0.6208333333333333 0.05078125 0.30277777777777776
0 0.1640625 0.5736111111111111 0.03203125 0.10555555555555556
0 0.703125 0.6520833333333333 0.1375 0.5041666666666667