0 0.171875 0.20208333333333334 0.0265625 0.07083333333333333
0 0.140625 0.2013888888888889 0.025 0.09027777777777778
0 0.412109375 0.24513888888888888 0.01484375 0.06388888888888888
0 0.06640625 0.19444444444444445 0.02578125 0.09583333333333334
0 0.08671875 0.19722222222222222 0.0296875 0.08888888888888889
0 0.2828125 0.23194444444444445 0.01953125 0.09027777777777778
0 0.467578125 0.2638888888888889 0.0234375 0.09583333333333334
0 0.267578125 0.23402777777777778 0.01953125 0.09305555555555556
0 0.480859375 0.26944444444444443 0.015625 0.07361111111111111
0 0.89296875 0.35625 0.0265625 0.10277777777777777
0 0.959765625 0.38333333333333336 0.021875 0.1111111111111111
0 0.539453125 0.35138888888888886 0.0859375 0.31527777777777777
0 0.801953125 0.5347222222222222 0.146875 0.7277777777777777
0 0.766015625 0.5625 0.16640625 0.7916666666666666
0 0.3390625 0.5166666666666667 0.190625 0.9319444444444445
0 0.628125 0.5680555555555555 0.1890625 0.8611111111111112