0 0.88671875 0.4263888888888889 0.165625 0.8527777777777777
0 0.5375 0.6006944444444444 0.18984375 0.625
0 0.726953125 0.5479166666666667 0.184375 0.6180555555555556
0 0.866015625 0.5020833333333333 0.1 0.48055555555555557
0 0.8390625 0.5305555555555556 0.115625 0.4666666666666667
0 0.43203125 0.6944444444444444 0.13125 0.44166666666666665
0 0.665625 0.6347222222222222 0.0765625 0.2638888888888889
0 0.62578125 0.6555555555555556 0.06171875 0.2361111111111111
0 0.148828125 0.8444444444444444 0.08515625 0.22083333333333333
0 0.13359375 0.8569444444444444 0.0453125 0.17222222222222222
0 0.209765625 0.8326388888888889 0.08046875 0.21944444444444444