0 0.44140625 0.39444444444444443 0.0609375 0.41944444444444445
0 0.676171875 0.36666666666666664 0.08359375 0.49166666666666664
0 0.5828125 0.38125 0.084375 0.49166666666666664
0 0.404296875 0.4173611111111111 0.09765625 0.49583333333333335
0 0.483203125 0.41597222222222224 0.078125 0.4986111111111111
0 0.3484375 0.49444444444444446 0.078125 0.5111111111111111
0 0.269140625 0.5083333333333333 0.12265625 0.6513888888888889
0 0.647265625 0.4826388888888889 0.11640625 0.5805555555555556
0 0.543359375 0.5013888888888889 0.12109375 0.5819444444444445
0 0.397265625 0.5284722222222222 0.15703125 0.6111111111111112
0 0.201171875 0.6395833333333333 0.15859375 0.6722222222222223