0 0.9296875 0.3090277777777778 0.03671875 0.1111111111111111
0 0.712109375 0.44375 0.065625 0.2625
0 0.515234375 0.5652777777777778 0.10625 0.4583333333333333
0 0.476953125 0.5888888888888889 0.0953125 0.4097222222222222
0 0.206640625 0.6770833333333334 0.21171875 0.6430555555555556
0 0.569921875 0.5875 0.16015625 0.55
0 0.296484375 0.6847222222222222 0.1109375 0.45694444444444443
0 0.761328125 0.5243055555555556 0.12421875 0.41805555555555557
0 0.954296875 0.45625 0.08984375 0.5375
0 0.662890625 0.5708333333333333 0.13828125 0.5222222222222223
0 0.902734375 0.5222222222222223 0.10078125 0.49722222222222223
0 0.446875 0.6826388888888889 0.14453125 0.5861111111111111
0 0.856640625 0.5451388888888888 0.153125 0.5458333333333333