0 0.27890625 0.6680555555555555 0.03671875 0.18888888888888888
0 0.24140625 0.6854166666666667 0.0671875 0.21944444444444444
0 0.9109375 0.5715277777777777 0.0578125 0.36944444444444446
0 0.11796875 0.7319444444444444 0.05625 0.22777777777777777
0 0.642578125 0.6368055555555555 0.078125 0.38472222222222224
0 0.52421875 0.6590277777777778 0.0546875 0.2875
0 0.866796875 0.5951388888888889 0.11015625 0.45
0 0.60625 0.6506944444444445 0.0640625 0.3541666666666667
0 0.2625 0.7201388888888889 0.03671875 0.2388888888888889
0 0.56171875 0.6770833333333334 0.1171875 0.5013888888888889
0 0.743359375 0.6541666666666667 0.07109375 0.4361111111111111
0 0.688671875 0.6645833333333333 0.12421875 0.49444444444444446
0 0.360546875 0.7354166666666667 0.15859375 0.5263888888888889
0 0.467578125 0.7326388888888888 0.11953125 0.5319444444444444
0 0.802734375 0.6930555555555555 0.14609375 0.5152777777777777
0 0.2125 0.7979166666666667 0.1234375 0.4013888888888889