0 0.672265625 0.5118055555555555 0.1859375 0.7444444444444445
0 0.619921875 0.5534722222222223 0.0328125 0.15555555555555556
0 0.738671875 0.5534722222222223 0.02734375 0.14444444444444443
0 0.49765625 0.5708333333333333 0.1890625 0.7486111111111111
0 0.863671875 0.5527777777777778 0.034375 0.1875
0 0.6296875 0.5680555555555555 0.01796875 0.09166666666666666
0 0.32734375 0.5895833333333333 0.10625 0.4152777777777778
0 0.58046875 0.5798611111111112 0.01640625 0.06111111111111111
0 0.230078125 0.6041666666666666 0.04453125 0.3013888888888889
0 0.833984375 0.5944444444444444 0.03046875 0.10416666666666667
0 0.294140625 0.6395833333333333 0.128125 0.49722222222222223