0 0.504296875 0.4097222222222222 0.0234375 0.08055555555555556
0 0.4703125 0.40625 0.04296875 0.13333333333333333
0 0.59140625 0.4583333333333333 0.0359375 0.11666666666666667
0 0.53125 0.4527777777777778 0.05234375 0.2111111111111111
0 0.615234375 0.5027777777777778 0.03984375 0.17083333333333334
0 0.741796875 0.5513888888888889 0.046875 0.20416666666666666
0 0.381640625 0.4263888888888889 0.0546875 0.2263888888888889
0 0.3609375 0.425 0.08203125 0.2902777777777778
0 0.16171875 0.36319444444444443 0.07421875 0.2638888888888889
0 0.552734375 0.5055555555555555 0.08203125 0.3333333333333333
0 0.712890625 0.5625 0.0703125 0.2916666666666667
0 0.417578125 0.46597222222222223 0.10078125 0.33055555555555555
0 0.2734375 0.4173611111111111 0.08515625 0.26805555555555555
0 0.23515625 0.4097222222222222 0.07109375 0.2611111111111111
0 0.635546875 0.5493055555555556 0.0875 0.3277777777777778
0 0.31171875 0.4465277777777778 0.06796875 0.23194444444444445
0 0.475 0.53125 0.07578125 0.30277777777777776
0 0.6859375 0.6263888888888889 0.11015625 0.41388888888888886
0 0.778125 0.7152777777777778 0.1546875 0.5361111111111111