0 0.221875 0.27361111111111114 0.04296875 0.14027777777777778
0 0.240625 0.29375 0.04296875 0.14583333333333334
0 0.25859375 0.3326388888888889 0.06796875 0.21388888888888888
0 0.4984375 0.45902777777777776 0.03125 0.1125
0 0.518359375 0.4736111111111111 0.03828125 0.12916666666666668
0 0.60546875 0.5395833333333333 0.0765625 0.24444444444444444
0 0.549609375 0.5361111111111111 0.0921875 0.3055555555555556
0 0.80625 0.5701388888888889 0.3859375 0.8569444444444444
0 0.0703125 0.38819444444444445 0.140625 0.5208333333333334
0 0.041015625 0.38055555555555554 0.08203125 0.6055555555555555
0 0.429296875 0.5847222222222223 0.190625 0.6305555555555555
0 0.621484375 0.6743055555555556 0.16953125 0.5666666666666667
0 0.29453125 0.5416666666666666 0.21015625 0.6694444444444444
0 0.117578125 0.4875 0.23515625 0.7333333333333333