0 0.430859375 0.7145833333333333 0.01953125 0.08194444444444444
0 0.415234375 0.7409722222222223 0.0296875 0.14166666666666666
0 0.291015625 0.7909722222222222 0.04140625 0.175
0 0.7234375 0.6881944444444444 0.0546875 0.20694444444444443
0 0.192578125 0.8569444444444444 0.046875 0.1875
0 0.706640625 0.6958333333333333 0.0875 0.22777777777777777
0 0.909765625 0.6326388888888889 0.065625 0.24305555555555555
0 0.786328125 0.6770833333333334 0.05625 0.20694444444444443
0 0.944140625 0.6333333333333333 0.0515625 0.22361111111111112
0 0.61640625 0.7458333333333333 0.08359375 0.3125
0 0.407421875 0.8125 0.0578125 0.2569444444444444
0 0.36015625 0.8326388888888889 0.05703125 0.2611111111111111
0 0.66171875 0.7479166666666667 0.0765625 0.2763888888888889
0 0.563671875 0.7805555555555556 0.040625 0.09583333333333334
0 0.88671875 0.6791666666666667 0.09140625 0.3138888888888889
0 0.845703125 0.6993055555555555 0.07265625 0.2722222222222222
0 0.962109375 0.6645833333333333 0.07421875 0.3541666666666667
0 0.38671875 0.8479166666666667 0.0875 0.3013888888888889
0 0.327734375 0.8673611111111111 0.08359375 0.2625