0 0.151171875 0.6590277777777778 0.1 0.30694444444444446
0 0.568359375 0.5006944444444444 0.0703125 0.29305555555555557
0 0.44609375 0.5666666666666667 0.1359375 0.5486111111111112
0 0.70703125 0.45902777777777776 0.1109375 0.4111111111111111
0 0.378515625 0.6013888888888889 0.1546875 0.44166666666666665
0 0.280078125 0.6458333333333334 0.16171875 0.5652777777777778
0 0.122265625 0.7104166666666667 0.1078125 0.4097222222222222
0 0.322265625 0.6326388888888889 0.09921875 0.45
0 0.503125 0.5611111111111111 0.209375 0.625
0 0.201171875 0.6868055555555556 0.11953125 0.39444444444444443
0 0.608984375 0.5291666666666667 0.1125 0.4597222222222222
0 0.670703125 0.5041666666666667 0.14765625 0.4375
0 0.820703125 0.4583333333333333 0.1859375 0.7486111111111111
0 0.90703125 0.4166666666666667 0.184375 0.7388888888888889
0 0.0875 0.7548611111111111 0.175 0.4875
0 0.236328125 0.7097222222222223 0.065625 0.2972222222222222