0 0.386328125 0.6430555555555556 0.02265625 0.08194444444444444
0 0.366015625 0.6548611111111111 0.0359375 0.14166666666666666
0 0.24140625 0.6069444444444444 0.0484375 0.175
0 0.6578125 0.8381944444444445 0.06328125 0.20833333333333334
0 0.13671875 0.5930555555555556 0.0546875 0.1875
0 0.640625 0.8333333333333334 0.09609375 0.23333333333333334
0 0.840234375 0.9013888888888889 0.07734375 0.19444444444444445
0 0.717578125 0.8756944444444444 0.06484375 0.20972222222222223
0 0.87109375 0.9201388888888888 0.0625 0.15694444444444444
0 0.547265625 0.8097222222222222 0.096875 0.31527777777777777
0 0.341796875 0.7138888888888889 0.06875 0.2569444444444444
0 0.294140625 0.6965277777777777 0.06875 0.2611111111111111
0 0.5875 0.8465277777777778 0.08828125 0.2791666666666667
0 0.491015625 0.8020833333333334 0.04453125 0.1
0 0.808203125 0.8958333333333334 0.10546875 0.20555555555555555
0 0.766015625 0.9006944444444445 0.08515625 0.19583333333333333
0 0.892578125 0.9131944444444444 0.11640625 0.17083333333333334
0 0.309375 0.7513888888888889 0.1015625 0.3486111111111111
0 0.248828125 0.7326388888888888 0.096875 0.3277777777777778