0 0.448828125 0.23194444444444445 0.0125 0.043055555555555555
0 0.856640625 0.29097222222222224 0.01484375 0.03888888888888889
0 0.591796875 0.2777777777777778 0.01328125 0.05
0 0.4375 0.27361111111111114 0.015625 0.05416666666666667
0 0.247265625 0.2513888888888889 0.015625 0.05555555555555555
0 0.687109375 0.3076388888888889 0.0125 0.05555555555555555
0 0.30625 0.2659722222222222 0.01796875 0.05416666666666667
0 0.33671875 0.275 0.01328125 0.0625
0 0.32421875 0.275 0.01484375 0.059722222222222225
0 0.48125 0.29583333333333334 0.01328125 0.06111111111111111
0 0.78828125 0.3368055555555556 0.01640625 0.04722222222222222
0 0.345703125 0.2833333333333333 0.0140625 0.0625
0 0.557421875 0.30972222222222223 0.015625 0.059722222222222225
0 0.501171875 0.30694444444444446 0.0140625 0.06666666666666667
0 0.44375 0.30069444444444443 0.01328125 0.04861111111111111
0 0.452734375 0.3034722222222222 0.0140625 0.05694444444444444
0 0.38125 0.29583333333333334 0.01640625 0.05694444444444444
0 0.41953125 0.30069444444444443 0.015625 0.043055555555555555
0 0.823828125 0.3548611111111111 0.01328125 0.05
0 0.571875 0.325 0.01328125 0.06527777777777778
0 0.465625 0.3145833333333333 0.01796875 0.059722222222222225
0 0.83984375 0.3611111111111111 0.01484375 0.04722222222222222
0 0.655859375 0.34097222222222223 0.015625 0.05138888888888889
0 0.718359375 0.3486111111111111 0.01796875 0.059722222222222225
0 0.7734375 0.35833333333333334 0.015625 0.05694444444444444
0 0.803125 0.3638888888888889 0.01484375 0.059722222222222225
0 0.641796875 0.34375 0.01640625 0.0625
0 0.74296875 0.3576388888888889 0.01796875 0.06944444444444445
0 0.73203125 0.3576388888888889 0.015625 0.06388888888888888
0 0.75703125 0.36041666666666666 0.01640625 0.06388888888888888
0 0.690625 0.35694444444444445 0.01640625 0.05555555555555555
0 0.62890625 0.35 0.0140625 0.0625
0 0.398828125 0.3229166666666667 0.01875 0.05694444444444444
0 0.358984375 0.31805555555555554 0.0140625 0.05555555555555555
0 0.367578125 0.3194444444444444 0.0140625 0.06111111111111111
0 0.411328125 0.3277777777777778 0.01484375 0.058333333333333334
0 0.53828125 0.34305555555555556 0.01640625 0.06666666666666667
0 0.4390625 0.33402777777777776 0.01796875 0.07777777777777778
0 0.304296875 0.3194444444444444 0.0203125 0.07083333333333333
0 0.48984375 0.34305555555555556 0.02109375 0.06944444444444445
0 0.790625 0.38263888888888886 0.01796875 0.06527777777777778
0 0.554296875 0.3548611111111111 0.01484375 0.07083333333333333
0 0.58671875 0.3645833333333333 0.0203125 0.075
0 0.6 0.36736111111111114 0.01328125 0.06527777777777778
0 0.680078125 0.37916666666666665 0.01796875 0.07083333333333333
0 0.575 0.3659722222222222 0.0171875 0.06111111111111111
0 0.419140625 0.34791666666666665 0.0203125 0.07083333333333333
0 0.92734375 0.4111111111111111 0.02109375 0.043055555555555555
0 0.9046875 0.4097222222222222 0.0234375 0.075
0 0.76484375 0.3923611111111111 0.01953125 0.05
0 0.81796875 0.4027777777777778 0.01484375 0.06666666666666667
0 0.612890625 0.37777777777777777 0.0234375 0.0763888888888889
0 0.37578125 0.3506944444444444 0.015625 0.07222222222222222
0 0.833984375 0.40902777777777777 0.02265625 0.08055555555555556
0 0.66484375 0.38819444444444445 0.01875 0.0625
0 0.6515625 0.3909722222222222 0.01875 0.075
0 0.705078125 0.4013888888888889 0.0171875 0.05694444444444444
0 0.383203125 0.36180555555555555 0.01796875 0.06944444444444445
0 0.5125 0.3819444444444444 0.015625 0.0763888888888889
0 0.52421875 0.38333333333333336 0.0171875 0.07777777777777778
0 0.6921875 0.4097222222222222 0.0171875 0.0763888888888889
0 0.7171875 0.4152777777777778 0.01796875 0.05555555555555555
0 0.871875 0.44166666666666665 0.02421875 0.08472222222222223
0 0.8875 0.44513888888888886 0.02109375 0.09166666666666666
0 0.945703125 0.4548611111111111 0.02109375 0.07916666666666666
0 0.578515625 0.4125 0.015625 0.06666666666666667
0 0.13359375 0.35833333333333334 0.028125 0.075
0 0.70234375 0.42916666666666664 0.01328125 0.044444444444444446
0 0.7625 0.43819444444444444 0.021875 0.07916666666666666
0 0.783203125 0.44305555555555554 0.01875 0.0625
0 0.775 0.4423611111111111 0.015625 0.08055555555555556
0 0.210546875 0.375 0.025 0.09166666666666666
0 0.9265625 0.4638888888888889 0.025 0.08472222222222223
0 0.099609375 0.3611111111111111 0.02265625 0.0763888888888889
0 0.854296875 0.45625 0.01875 0.08055555555555556
0 0.61796875 0.4284722222222222 0.01953125 0.06666666666666667
0 0.638671875 0.43680555555555556 0.01875 0.043055555555555555
0 0.384765625 0.4048611111111111 0.01953125 0.07777777777777778
0 0.345703125 0.4013888888888889 0.0296875 0.09166666666666666
0 0.1375 0.3770833333333333 0.01796875 0.03888888888888889
0 0.968359375 0.48194444444444445 0.02421875 0.08888888888888889
0 0.819140625 0.46597222222222223 0.01640625 0.08333333333333333
0 0.58671875 0.4409722222222222 0.025 0.09444444444444444
0 0.224609375 0.3972222222222222 0.01953125 0.058333333333333334
0 0.985546875 0.4965277777777778 0.01796875 0.05416666666666667
0 0.8078125 0.4756944444444444 0.02109375 0.08611111111111111
0 0.83125 0.48125 0.0234375 0.09027777777777778
0 0.632421875 0.45694444444444443 0.0234375 0.05694444444444444
0 0.79609375 0.4798611111111111 0.015625 0.10694444444444444
0 0.73125 0.47291666666666665 0.0234375 0.09861111111111111
0 0.7828125 0.48055555555555557 0.021875 0.09722222222222222
0 0.13828125 0.40069444444444446 0.01875 0.05
0 0.308203125 0.4215277777777778 0.0203125 0.059722222222222225
0 0.115625 0.3993055555555556 0.0203125 0.044444444444444446
0 0.61640625 0.46319444444444446 0.02109375 0.09861111111111111
0 0.094921875 0.40347222222222223 0.01875 0.06527777777777778
0 0.705078125 0.4798611111111111 0.015625 0.06527777777777778
0 0.157421875 0.4125 0.01953125 0.09444444444444444
0 0.464453125 0.45208333333333334 0.025 0.09861111111111111
0 0.415625 0.45069444444444445 0.02421875 0.11388888888888889
0 0.74921875 0.4930555555555556 0.021875 0.10555555555555556
0 0.490625 0.4625 0.01875 0.09583333333333334
0 0.503515625 0.46597222222222223 0.01953125 0.10972222222222222
0 0.223828125 0.4305555555555556 0.021875 0.07361111111111111
0 0.71640625 0.49375 0.02109375 0.09583333333333334
0 0.873828125 0.5131944444444444 0.025 0.09861111111111111
0 0.938671875 0.5208333333333334 0.02265625 0.09861111111111111
0 0.688671875 0.4986111111111111 0.02734375 0.1
0 0.112890625 0.4284722222222222 0.025 0.05
0 0.985546875 0.5381944444444444 0.01875 0.04027777777777778
0 0.13125 0.43472222222222223 0.025 0.08194444444444444
0 0.164453125 0.4444444444444444 0.0234375 0.10416666666666667
0 0.33203125 0.4666666666666667 0.02265625 0.1
0 0.6359375 0.5041666666666667 0.0265625 0.10416666666666667
0 0.57109375 0.5006944444444444 0.03046875 0.11805555555555555
0 0.477734375 0.49027777777777776 0.02421875 0.10833333333333334
0 0.4484375 0.49375 0.021875 0.09722222222222222
0 0.18828125 0.4638888888888889 0.02109375 0.06388888888888888
0 0.277734375 0.47638888888888886 0.0203125 0.09861111111111111
0 0.305078125 0.48125 0.0296875 0.1111111111111111
0 0.136328125 0.46319444444444446 0.02578125 0.09305555555555556
0 0.09765625 0.4597222222222222 0.021875 0.07777777777777778
0 0.112890625 0.46597222222222223 0.0171875 0.08055555555555556
0 0.701171875 0.5416666666666666 0.03046875 0.10555555555555556
0 0.271875 0.48819444444444443 0.0234375 0.11666666666666667
0 0.348828125 0.4979166666666667 0.03125 0.11805555555555555
0 0.965234375 0.5784722222222223 0.0265625 0.12916666666666668
0 0.22421875 0.48680555555555555 0.02578125 0.10694444444444444
0 0.239453125 0.49375 0.021875 0.10694444444444444
0 0.5234375 0.5361111111111111 0.02578125 0.10555555555555556
0 0.7734375 0.5770833333333333 0.02734375 0.10416666666666667
0 0.0359375 0.48680555555555555 0.02734375 0.125
0 0.050390625 0.49722222222222223 0.02421875 0.13333333333333333
0 0.58203125 0.56875 0.04609375 0.1375
0 0.408984375 0.5472222222222223 0.028125 0.11805555555555555
0 0.983203125 0.6215277777777778 0.03125 0.1625
0 0.1859375 0.5222222222222223 0.0328125 0.12222222222222222
0 0.129296875 0.5222222222222223 0.03203125 0.125
0 0.451171875 0.5666666666666667 0.03515625 0.11527777777777778
0 0.062109375 0.5180555555555556 0.02421875 0.125
0 0.076953125 0.5229166666666667 0.0296875 0.11527777777777778
0 0.54296875 0.5819444444444445 0.0296875 0.14444444444444443
0 0.1265625 0.5395833333333333 0.04140625 0.13194444444444445
0 0.02421875 0.5284722222222222 0.040625 0.1375
0 0.098046875 0.5597222222222222 0.03515625 0.13333333333333333
0 0.514453125 0.6131944444444445 0.025 0.14027777777777778
0 0.848046875 0.6673611111111111 0.03125 0.13055555555555556
0 0.885546875 0.6888888888888889 0.03046875 0.14583333333333334
0 0.724609375 0.6840277777777778 0.0328125 0.14166666666666666
0 0.697265625 0.6861111111111111 0.02890625 0.1486111111111111
0 0.873046875 0.7326388888888888 0.03046875 0.15833333333333333
0 0.7515625 0.7194444444444444 0.04765625 0.1625
0 0.85390625 0.7361111111111112 0.02890625 0.15138888888888888
0 0.073828125 0.6583333333333333 0.040625 0.18194444444444444
0 0.450390625 0.7055555555555556 0.03046875 0.17083333333333334
0 0.481640625 0.7118055555555556 0.03515625 0.14444444444444443
0 0.411328125 0.7229166666666667 0.03828125 0.175
0 0.59765625 0.7611111111111111 0.06171875 0.19305555555555556
0 0.68515625 0.8347222222222223 0.04296875 0.19027777777777777
0 0.724609375 0.8423611111111111 0.04296875 0.19305555555555556
0 0.028125 0.7701388888888889 0.04453125 0.18333333333333332
0 0.57890625 0.8409722222222222 0.04765625 0.17222222222222222
0 0.645703125 0.85625 0.04609375 0.19027777777777777
0 0.526953125 0.85 0.0484375 0.20277777777777778
0 0.411328125 0.8395833333333333 0.03828125 0.2222222222222222
0 0.4796875 0.8555555555555555 0.04296875 0.21666666666666667
0 0.76953125 0.8951388888888889 0.0453125 0.20694444444444443
0 0.244140625 0.8340277777777778 0.04921875 0.19583333333333333
0 0.91328125 0.90625 0.0578125 0.18472222222222223
0 0.812109375 0.9090277777777778 0.05234375 0.17916666666666667
0 0.193359375 0.8701388888888889 0.046875 0.1875
0 0.86015625 0.9465277777777777 0.0484375 0.10416666666666667
0 0.60546875 0.9430555555555555 0.053125 0.1111111111111111
0 0.5640625 0.9423611111111111 0.0484375 0.1125