0 0.47578125 0.22013888888888888 0.01640625 0.044444444444444446
0 0.871875 0.4041666666666667 0.01796875 0.041666666666666664
0 0.612109375 0.3090277777777778 0.01796875 0.05277777777777778
0 0.460546875 0.25763888888888886 0.0203125 0.05694444444444444
0 0.275390625 0.17708333333333334 0.0203125 0.058333333333333334
0 0.702734375 0.3680555555555556 0.0171875 0.05694444444444444
0 0.33203125 0.20972222222222223 0.02265625 0.058333333333333334
0 0.3609375 0.22777777777777777 0.01875 0.06388888888888888
0 0.348828125 0.22361111111111112 0.0203125 0.0625
0 0.5015625 0.29305555555555557 0.01875 0.0625
0 0.8 0.4284722222222222 0.0203125 0.05138888888888889
0 0.369140625 0.2388888888888889 0.01953125 0.06388888888888888
0 0.575390625 0.3298611111111111 0.02109375 0.0625
0 0.5203125 0.30972222222222223 0.0203125 0.06805555555555555
0 0.4640625 0.28680555555555554 0.01796875 0.05138888888888889
0 0.47265625 0.2916666666666667 0.01875 0.058333333333333334
0 0.402734375 0.2625 0.02109375 0.059722222222222225
0 0.440234375 0.27847222222222223 0.01953125 0.04583333333333333
0 0.8328125 0.45694444444444443 0.01796875 0.05277777777777778
0 0.587890625 0.35 0.01953125 0.06666666666666667
0 0.484375 0.30694444444444446 0.0234375 0.06388888888888888
0 0.8484375 0.46805555555555556 0.01875 0.05
0 0.669140625 0.39166666666666666 0.0203125 0.05416666666666667
0 0.7296875 0.41875 0.0234375 0.06388888888888888
0 0.783203125 0.44513888888888886 0.0203125 0.059722222222222225
0 0.81171875 0.45902777777777776 0.0203125 0.0625
0 0.6546875 0.38958333333333334 0.021875 0.06527777777777778
0 0.753125 0.43472222222222223 0.02421875 0.07222222222222222
0 0.7421875 0.43125 0.02109375 0.06666666666666667
0 0.76640625 0.4423611111111111 0.021875 0.06666666666666667
0 0.7015625 0.4173611111111111 0.02109375 0.058333333333333334
0 0.64140625 0.3923611111111111 0.01953125 0.06388888888888888
0 0.417578125 0.29444444444444445 0.0234375 0.06111111111111111
0 0.37890625 0.2777777777777778 0.01875 0.05694444444444444
0 0.3875 0.28125 0.01953125 0.0625
0 0.429296875 0.30277777777777776 0.01953125 0.06111111111111111
0 0.553125 0.3576388888888889 0.02265625 0.06944444444444445
0 0.45625 0.3173611111111111 0.025 0.08055555555555556
0 0.325 0.26180555555555557 0.0265625 0.075
0 0.505078125 0.3416666666666667 0.02734375 0.07222222222222222
0 0.79765625 0.47430555555555554 0.02421875 0.06805555555555555
0 0.567578125 0.3736111111111111 0.021875 0.07222222222222222
0 0.598828125 0.39375 0.0265625 0.07916666666666666
0 0.611328125 0.40069444444444446 0.01953125 0.06666666666666667
0 0.689453125 0.43680555555555556 0.025 0.07361111111111111
0 0.587109375 0.3909722222222222 0.02265625 0.06388888888888888
0 0.43515625 0.325 0.0265625 0.075
0 0.929296875 0.5444444444444444 0.02421875 0.04722222222222222
0 0.90703125 0.5361111111111111 0.0296875 0.07916666666666666
0 0.771484375 0.4756944444444444 0.02421875 0.05416666666666667
0 0.82265625 0.5027777777777778 0.02109375 0.06805555555555555
0 0.623046875 0.41458333333333336 0.0296875 0.08055555555555556
0 0.3921875 0.3145833333333333 0.021875 0.07361111111111111
0 0.837890625 0.5138888888888888 0.0296875 0.08333333333333333
0 0.6734375 0.4409722222222222 0.02421875 0.06666666666666667
0 0.659765625 0.4388888888888889 0.025 0.07777777777777778
0 0.71171875 0.4666666666666667 0.021875 0.059722222222222225
0 0.3984375 0.3277777777777778 0.02421875 0.07222222222222222
0 0.523828125 0.3875 0.02265625 0.07777777777777778
0 0.53515625 0.3923611111111111 0.02421875 0.08055555555555556
0 0.698046875 0.4701388888888889 0.02421875 0.07916666666666666
0 0.721875 0.4840277777777778 0.02265625 0.059722222222222225
0 0.871875 0.5576388888888889 0.03125 0.08888888888888889
0 0.887109375 0.5652777777777778 0.0296875 0.09583333333333334
0 0.943359375 0.59375 0.028125 0.08333333333333333
0 0.5859375 0.43819444444444444 0.021875 0.06944444444444445
0 0.153125 0.24722222222222223 0.034375 0.08055555555555556
0 0.70625 0.49236111111111114 0.0171875 0.04722222222222222
0 0.764453125 0.5201388888888889 0.02890625 0.08194444444444444
0 0.784765625 0.5319444444444444 0.02421875 0.06666666666666667
0 0.776171875 0.5277777777777778 0.02265625 0.08194444444444444
0 0.226953125 0.2875 0.03359375 0.09583333333333334
0 0.923828125 0.5965277777777778 0.03203125 0.08888888888888889
0 0.11953125 0.23958333333333334 0.02890625 0.07916666666666666
0 0.853125 0.5659722222222222 0.02578125 0.08333333333333333
0 0.623046875 0.46597222222222223 0.02578125 0.07083333333333333
0 0.64296875 0.48055555555555557 0.02265625 0.04722222222222222
0 0.395703125 0.37083333333333335 0.0265625 0.08055555555555556
0 0.3578125 0.35555555555555557 0.0375 0.09722222222222222
0 0.155078125 0.26666666666666666 0.02109375 0.043055555555555555
0 0.962890625 0.6263888888888889 0.03203125 0.09305555555555556
0 0.81796875 0.5652777777777778 0.02421875 0.08472222222222223
0 0.59140625 0.46875 0.0328125 0.09861111111111111
0 0.238671875 0.3138888888888889 0.02421875 0.0625
0 0.978515625 0.6465277777777778 0.02265625 0.058333333333333334
0 0.80546875 0.5708333333333333 0.02890625 0.09027777777777778
0 0.828125 0.5840277777777778 0.03125 0.09305555555555556
0 0.634765625 0.4979166666666667 0.028125 0.06111111111111111
0 0.793359375 0.5715277777777777 0.02578125 0.10694444444444444
0 0.73046875 0.5451388888888888 0.03203125 0.10138888888888889
0 0.780078125 0.56875 0.03046875 0.10138888888888889
0 0.153515625 0.2902777777777778 0.0234375 0.05416666666666667
0 0.31875 0.3638888888888889 0.025 0.0625
0 0.13125 0.28194444444444444 0.02421875 0.04861111111111111
0 0.618359375 0.49930555555555556 0.0296875 0.10138888888888889
0 0.110546875 0.2798611111111111 0.025 0.06944444444444445
0 0.70390625 0.5430555555555555 0.021875 0.06805555555555555
0 0.17109375 0.30833333333333335 0.028125 0.09722222222222222
0 0.46953125 0.4423611111111111 0.03359375 0.10138888888888889
0 0.421875 0.425 0.034375 0.11666666666666667
0 0.74609375 0.5701388888888889 0.03125 0.10833333333333334
0 0.494140625 0.46041666666666664 0.02734375 0.09861111111111111
0 0.50703125 0.4673611111111111 0.0296875 0.1125
0 0.234765625 0.34652777777777777 0.02890625 0.07777777777777778
0 0.713671875 0.5604166666666667 0.0296875 0.09861111111111111
0 0.866796875 0.6284722222222222 0.03359375 0.10138888888888889
0 0.9296875 0.65625 0.03125 0.10138888888888889
0 0.6859375 0.5569444444444445 0.0359375 0.10416666666666667
0 0.12578125 0.30972222222222223 0.02890625 0.05555555555555555
0 0.974609375 0.6875 0.021875 0.044444444444444446
0 0.143359375 0.3215277777777778 0.03203125 0.08611111111111111
0 0.175 0.3416666666666667 0.0328125 0.10694444444444444
0 0.337890625 0.4152777777777778 0.03125 0.10277777777777777
0 0.63359375 0.5465277777777777 0.0359375 0.10833333333333334
0 0.569921875 0.5222222222222223 0.040625 0.12361111111111112
0 0.47890625 0.48333333333333334 0.034375 0.1111111111111111
0 0.45 0.4777777777777778 0.03046875 0.10138888888888889
0 0.196484375 0.3680555555555556 0.0265625 0.06666666666666667
0 0.283203125 0.4083333333333333 0.02890625 0.10138888888888889
0 0.309765625 0.4215277777777778 0.03984375 0.11666666666666667
0 0.145703125 0.35138888888888886 0.034375 0.09722222222222222
0 0.107421875 0.33611111111111114 0.028125 0.08055555555555556
0 0.122265625 0.34652777777777777 0.02421875 0.08333333333333333
0 0.694140625 0.6034722222222222 0.03984375 0.1111111111111111
0 0.2765625 0.41805555555555557 0.03359375 0.11944444444444445
0 0.3515625 0.4513888888888889 0.04140625 0.12361111111111112
0 0.950390625 0.7208333333333333 0.03828125 0.13194444444444445
0 0.2296875 0.4013888888888889 0.03515625 0.1111111111111111
0 0.244140625 0.41388888888888886 0.03203125 0.10972222222222222
0 0.51953125 0.5430555555555555 0.03515625 0.10972222222222222
0 0.76171875 0.6604166666666667 0.03671875 0.10833333333333334
0 0.04453125 0.34375 0.03828125 0.12777777777777777
0 0.0578125 0.35833333333333334 0.03671875 0.13472222222222222
0 0.573828125 0.5930555555555556 0.0578125 0.14722222222222223
0 0.40546875 0.5180555555555556 0.03828125 0.12222222222222222
0 0.9640625 0.76875 0.04609375 0.16527777777777777
0 0.18828125 0.425 0.04375 0.12777777777777777
0 0.1328125 0.4076388888888889 0.04296875 0.13055555555555556
0 0.4453125 0.55 0.0453125 0.12083333333333333
0 0.0671875 0.38263888888888886 0.0359375 0.12638888888888888
0 0.08125 0.39166666666666666 0.03984375 0.11944444444444445
0 0.534375 0.59375 0.04296875 0.14722222222222223
0 0.128125 0.4236111111111111 0.053125 0.14027777777777778
0 0.02890625 0.38125 0.05234375 0.14444444444444443
0 0.0984375 0.4354166666666667 0.04765625 0.14027777777777778
0 0.503125 0.6159722222222223 0.0375 0.14166666666666666
0 0.8265625 0.7722222222222223 0.04296875 0.13472222222222222
0 0.861328125 0.8048611111111111 0.04375 0.15
0 0.703125 0.7506944444444444 0.0453125 0.14583333333333334
0 0.67578125 0.74375 0.04296875 0.15138888888888888
0 0.84453125 0.8444444444444444 0.04453125 0.16111111111111112
0 0.726171875 0.79375 0.06171875 0.17083333333333334
0 0.82578125 0.8416666666666667 0.04296875 0.15416666666666667
0 0.06484375 0.525 0.05703125 0.1875
0 0.43125 0.6868055555555556 0.04609375 0.1736111111111111
0 0.4609375 0.7034722222222223 0.0484375 0.15
0 0.391015625 0.6923611111111111 0.05390625 0.18055555555555555
0 0.570703125 0.7875 0.078125 0.20416666666666666
0 0.649609375 0.8868055555555555 0.06015625 0.19583333333333333
0 0.687890625 0.9027777777777778 0.06171875 0.19166666666666668
0 0.019921875 0.6208333333333333 0.03984375 0.19166666666666668
0 0.54453125 0.8604166666666667 0.06328125 0.18055555555555555
0 0.60859375 0.8958333333333334 0.06328125 0.19722222222222222
0 0.4921875 0.8527777777777777 0.06640625 0.20972222222222223
0 0.3796875 0.8076388888888889 0.05859375 0.225
0 0.4453125 0.84375 0.0625 0.22083333333333333
0 0.726953125 0.9319444444444445 0.06484375 0.13333333333333333
0 0.215234375 0.75 0.0671875 0.20416666666666666
0 0.865625 0.9645833333333333 0.0765625 0.06805555555555555
0 0.7671875 0.9520833333333333 0.06875 0.09305555555555556
0 0.16171875 0.7694444444444445 0.06328125 0.19444444444444445
0 0.559765625 0.9527777777777777 0.06328125 0.09166666666666666
0 0.519140625 0.9465277777777777 0.05859375 0.10416666666666667