0 0.409765625 0.5138888888888888 0.02890625 0.08611111111111111
0 0.384375 0.5159722222222223 0.0265625 0.07916666666666666
0 0.554296875 0.5493055555555556 0.02265625 0.12083333333333333
0 0.528515625 0.5652777777777778 0.03984375 0.1736111111111111
0 0.715625 0.6104166666666667 0.0671875 0.24583333333333332
0 0.140625 0.5166666666666667 0.0796875 0.24583333333333332
0 0.66640625 0.6215277777777778 0.05859375 0.24722222222222223
0 0.621484375 0.6131944444444445 0.05234375 0.24027777777777778
0 0.790234375 0.6548611111111111 0.07578125 0.2638888888888889
0 0.503515625 0.6638888888888889 0.09296875 0.4083333333333333
0 0.573046875 0.6868055555555556 0.08203125 0.4125