0 0.5140625 0.4125 0.02265625 0.08055555555555556
0 0.546484375 0.43125 0.0421875 0.13194444444444445
0 0.423046875 0.4027777777777778 0.034375 0.11666666666666667
0 0.480078125 0.4361111111111111 0.05078125 0.2111111111111111
0 0.391796875 0.42916666666666664 0.03828125 0.17083333333333334
0 0.263671875 0.39375 0.04453125 0.20416666666666666
0 0.625390625 0.5069444444444444 0.053125 0.2263888888888889
0 0.644921875 0.51875 0.0796875 0.2902777777777778
0 0.843359375 0.5881944444444445 0.071875 0.2638888888888889
0 0.449609375 0.47152777777777777 0.07890625 0.33194444444444443
0 0.288671875 0.4222222222222222 0.06796875 0.2916666666666667
0 0.58359375 0.5208333333333334 0.0984375 0.32916666666666666
0 0.728125 0.5673611111111111 0.0828125 0.26666666666666666
0 0.765234375 0.5847222222222223 0.06875 0.25972222222222224
0 0.363671875 0.4597222222222222 0.084375 0.3277777777777778
0 0.68671875 0.5694444444444444 0.06640625 0.23194444444444445
0 0.516796875 0.5451388888888888 0.0734375 0.30277777777777776
0 0.30078125 0.49930555555555556 0.10625 0.4125
0 0.196875 0.5236111111111111 0.15 0.5347222222222222