0 0.458203125 0.6791666666666667 0.04921875 0.1486111111111111
0 0.4328125 0.6916666666666667 0.034375 0.12361111111111112
0 0.361328125 0.7458333333333333 0.05390625 0.19305555555555556
0 0.697265625 0.6097222222222223 0.07734375 0.2361111111111111
0 0.5015625 0.7 0.06015625 0.20277777777777778
0 0.424609375 0.7423611111111111 0.06796875 0.25277777777777777
0 0.290625 0.8034722222222223 0.06171875 0.20694444444444443
0 0.746875 0.6020833333333333 0.07734375 0.26805555555555555
0 0.78359375 0.6048611111111111 0.071875 0.2777777777777778
0 0.66015625 0.6597222222222222 0.075 0.2791666666666667
0 0.26875 0.8430555555555556 0.05078125 0.2513888888888889
0 0.4 0.8173611111111111 0.10625 0.3625
0 0.328515625 0.8416666666666667 0.11796875 0.3138888888888889