0 0.26875 0.8027777777777778 0.0796875 0.25416666666666665
0 0.51484375 0.7993055555555556 0.0828125 0.29444444444444445
0 0.478125 0.80625 0.04140625 0.2569444444444444
0 0.7890625 0.7979166666666667 0.0375 0.2722222222222222
0 0.43359375 0.8118055555555556 0.05625 0.23194444444444445
0 0.56640625 0.8090277777777778 0.053125 0.22777777777777777
0 0.68515625 0.8083333333333333 0.034375 0.2388888888888889
0 0.37578125 0.8180555555555555 0.0421875 0.2652777777777778
0 0.35 0.8201388888888889 0.06015625 0.2611111111111111
0 0.73203125 0.8083333333333333 0.07109375 0.28194444444444444
0 0.63125 0.8125 0.071875 0.25833333333333336
0 0.16640625 0.8284722222222223 0.0625 0.25833333333333336
0 0.696875 0.8118055555555556 0.06484375 0.2708333333333333
0 0.83046875 0.8090277777777778 0.06640625 0.2611111111111111
0 0.26875 0.8263888888888888 0.07265625 0.2569444444444444
0 0.8859375 0.8076388888888889 0.0453125 0.2652777777777778
0 0.7546875 0.8131944444444444 0.0734375 0.3
0 0.2109375 0.8326388888888889 0.04609375 0.275
0 0.8046875 0.8138888888888889 0.0421875 0.23055555555555557
0 0.54609375 0.8222222222222222 0.071875 0.25833333333333336
0 0.10546875 0.8388888888888889 0.046875 0.2611111111111111
0 0.3921875 0.8298611111111112 0.084375 0.2263888888888889
0 0.1078125 0.8402777777777778 0.03828125 0.2388888888888889
0 0.596875 0.8263888888888888 0.04921875 0.24027777777777778
0 0.3078125 0.8354166666666667 0.078125 0.2569444444444444
0 0.141015625 0.8458333333333333 0.028125 0.25
0 0.87109375 0.8298611111111112 0.08203125 0.25555555555555554