0 0.132421875 0.3277777777777778 0.05546875 0.2375
0 0.819921875 0.4534722222222222 0.09921875 0.20555555555555555
0 0.883203125 0.4708333333333333 0.078125 0.2902777777777778
0 0.746875 0.4722222222222222 0.06640625 0.16944444444444445
0 0.61015625 0.5458333333333333 0.2 0.5486111111111112
0 0.079296875 0.5201388888888889 0.15859375 0.4652777777777778
0 0.25234375 0.5416666666666666 0.2125 0.4708333333333333
0 0.9078125 0.6305555555555555 0.1828125 0.45555555555555555
0 0.4421875 0.5763888888888888 0.090625 0.43472222222222223
0 0.5171875 0.5854166666666667 0.07421875 0.43194444444444446
0 0.71640625 0.6118055555555556 0.128125 0.43472222222222223
0 0.830859375 0.6277777777777778 0.115625 0.4152777777777778
0 0.168359375 0.5465277777777777 0.11484375 0.4263888888888889
0 0.366015625 0.5847222222222223 0.10625 0.4