0 0.58828125 0.5361111111111111 0.02578125 0.08333333333333333
0 0.61328125 0.5444444444444444 0.02421875 0.0763888888888889
0 0.4421875 0.5354166666666667 0.01796875 0.11944444444444445
0 0.466796875 0.5576388888888889 0.0328125 0.17083333333333334
0 0.277734375 0.5555555555555556 0.05859375 0.24027777777777778
0 0.854296875 0.6055555555555555 0.07109375 0.2388888888888889
0 0.32578125 0.5791666666666667 0.04921875 0.24305555555555555
0 0.37109375 0.5826388888888889 0.04375 0.2375
0 0.200390625 0.58125 0.065625 0.25833333333333336
0 0.48359375 0.6618055555555555 0.078125 0.4013888888888889
0 0.412890625 0.6666666666666666 0.06640625 0.40694444444444444