0 0.558984375 0.23680555555555555 0.01171875 0.041666666666666664
0 0.15 0.25833333333333336 0.01328125 0.0375
0 0.41484375 0.26944444444444443 0.0125 0.04861111111111111
0 0.56875 0.2798611111111111 0.0140625 0.05277777777777778
0 0.759375 0.275 0.0140625 0.05416666666666667
0 0.319140625 0.2902777777777778 0.0109375 0.05416666666666667
0 0.700390625 0.28402777777777777 0.01640625 0.05277777777777778
0 0.669921875 0.2902777777777778 0.01171875 0.06111111111111111
0 0.682421875 0.2916666666666667 0.01328125 0.058333333333333334
0 0.524609375 0.29791666666666666 0.01171875 0.059722222222222225
0 0.216796875 0.3104166666666667 0.015625 0.04583333333333333
0 0.660546875 0.29791666666666666 0.0125 0.06111111111111111
0 0.448046875 0.30416666666666664 0.0140625 0.058333333333333334
0 0.504296875 0.30694444444444446 0.0125 0.06527777777777778
0 0.562109375 0.30625 0.0125 0.04722222222222222
0 0.552734375 0.30833333333333335 0.0125 0.05555555555555555
0 0.624609375 0.30694444444444446 0.01484375 0.05555555555555555
0 0.586328125 0.30833333333333335 0.01484375 0.041666666666666664
0 0.180859375 0.325 0.0125 0.04861111111111111
0 0.433203125 0.31875 0.01171875 0.06388888888888888
0 0.539453125 0.31805555555555554 0.01640625 0.058333333333333334
0 0.16484375 0.3298611111111111 0.0140625 0.04583333333333333
0 0.34921875 0.32708333333333334 0.01484375 0.05
0 0.28671875 0.3284722222222222 0.01640625 0.058333333333333334
0 0.23125 0.3333333333333333 0.0140625 0.05555555555555555
0 0.2015625 0.33541666666666664 0.01328125 0.058333333333333334
0 0.36328125 0.33055555555555555 0.01484375 0.06111111111111111
0 0.26171875 0.33541666666666664 0.01640625 0.06805555555555555
0 0.27265625 0.33611111111111114 0.0140625 0.0625
0 0.24765625 0.3368055555555556 0.01484375 0.0625
0 0.3140625 0.3388888888888889 0.01484375 0.05416666666666667
0 0.37578125 0.3388888888888889 0.0125 0.06111111111111111
0 0.60625 0.3326388888888889 0.0171875 0.05555555555555555
0 0.64609375 0.33125 0.0125 0.05416666666666667
0 0.6375 0.33194444444444443 0.0125 0.059722222222222225
0 0.59375 0.33611111111111114 0.01328125 0.05694444444444444
0 0.46640625 0.33958333333333335 0.01484375 0.06527777777777778
0 0.565625 0.33958333333333335 0.015625 0.0763888888888889
0 0.70078125 0.33819444444444446 0.01875 0.06944444444444445
0 0.51484375 0.34375 0.01953125 0.06666666666666667
0 0.21328125 0.35625 0.01640625 0.06388888888888888
0 0.45 0.35 0.01328125 0.06944444444444445
0 0.4171875 0.35694444444444445 0.01796875 0.07361111111111111
0 0.40390625 0.35833333333333334 0.01171875 0.06388888888888888
0 0.3234375 0.3625 0.01640625 0.06944444444444445
0 0.42890625 0.3590277777777778 0.015625 0.059722222222222225
0 0.58515625 0.35555555555555557 0.01875 0.06944444444444445
0 0.076171875 0.3715277777777778 0.0203125 0.04027777777777778
0 0.098828125 0.37222222222222223 0.02109375 0.07222222222222222
0 0.238671875 0.3680555555555556 0.01875 0.04722222222222222
0 0.185546875 0.3736111111111111 0.01328125 0.06527777777777778
0 0.391015625 0.36736111111111114 0.02109375 0.07361111111111111
0 0.628515625 0.3625 0.01328125 0.07083333333333333
0 0.169140625 0.3784722222222222 0.0203125 0.07777777777777778
0 0.338671875 0.3729166666666667 0.0171875 0.06111111111111111
0 0.351953125 0.3770833333333333 0.01640625 0.07361111111111111
0 0.298046875 0.38263888888888886 0.015625 0.05555555555555555
0 0.620703125 0.3729166666666667 0.01640625 0.06805555555555555
0 0.491015625 0.38055555555555554 0.01328125 0.075
0 0.479296875 0.38125 0.01484375 0.0763888888888889
0 0.310546875 0.39166666666666666 0.01484375 0.075
0 0.285546875 0.3958333333333333 0.01640625 0.05416666666666667
0 0.13046875 0.40694444444444444 0.021875 0.08194444444444444
0 0.11484375 0.40902777777777777 0.01875 0.09027777777777778
0 0.05625 0.41388888888888886 0.01875 0.07777777777777778
0 0.42421875 0.4048611111111111 0.0140625 0.06527777777777778
0 0.869921875 0.3923611111111111 0.02578125 0.07361111111111111
0 0.3 0.41041666666666665 0.0125 0.043055555555555555
0 0.23984375 0.41388888888888886 0.01953125 0.0763888888888889
0 0.21875 0.4173611111111111 0.0171875 0.06111111111111111
0 0.22734375 0.4166666666666667 0.01328125 0.07916666666666666
0 0.79296875 0.40208333333333335 0.02265625 0.08888888888888889
0 0.075 0.42430555555555555 0.02265625 0.08194444444444444
0 0.90390625 0.39861111111111114 0.0203125 0.07361111111111111
0 0.14765625 0.4236111111111111 0.01640625 0.07916666666666666
0 0.384375 0.4173611111111111 0.01796875 0.06527777777777778
0 0.36328125 0.4236111111111111 0.01796875 0.041666666666666664
0 0.61796875 0.41597222222222224 0.0171875 0.0763888888888889
0 0.65703125 0.41597222222222224 0.02734375 0.09027777777777778
0 0.865625 0.4111111111111111 0.01640625 0.0375
0 0.0328125 0.43819444444444444 0.021875 0.08611111111111111
0 0.18203125 0.4361111111111111 0.0140625 0.08194444444444444
0 0.41484375 0.43333333333333335 0.021875 0.09166666666666666
0 0.778125 0.4236111111111111 0.01796875 0.05694444444444444
0 0.015234375 0.4513888888888889 0.01640625 0.05277777777777778
0 0.193359375 0.44722222222222224 0.01875 0.08472222222222223
0 0.169921875 0.45069444444444445 0.02109375 0.0875
0 0.369140625 0.4444444444444444 0.021875 0.05416666666666667
0 0.205078125 0.45208333333333334 0.0125 0.10555555555555556
0 0.269921875 0.4513888888888889 0.0203125 0.09583333333333334
0 0.218359375 0.4548611111111111 0.01875 0.09583333333333334
0 0.8640625 0.43472222222222223 0.01796875 0.04861111111111111
0 0.694140625 0.4395833333333333 0.01875 0.05694444444444444
0 0.887109375 0.4354166666666667 0.01953125 0.041666666666666664
0 0.384765625 0.45208333333333334 0.01796875 0.09722222222222222
0 0.907421875 0.44166666666666665 0.0171875 0.06388888888888888
0 0.295703125 0.46041666666666664 0.0140625 0.06388888888888888
0 0.844921875 0.44513888888888886 0.01640625 0.09305555555555556
0 0.537109375 0.45555555555555555 0.021875 0.09583333333333334
0 0.585546875 0.4583333333333333 0.0203125 0.1111111111111111
0 0.251171875 0.4701388888888889 0.01875 0.10416666666666667
0 0.510546875 0.4638888888888889 0.015625 0.09444444444444444
0 0.497265625 0.4652777777777778 0.01640625 0.10833333333333334
0 0.777734375 0.45694444444444443 0.0203125 0.07083333333333333
0 0.283984375 0.4736111111111111 0.01796875 0.09444444444444444
0 0.126171875 0.47847222222222224 0.021875 0.09583333333333334
0 0.061328125 0.48055555555555557 0.01953125 0.09583333333333334
0 0.311328125 0.48055555555555557 0.02421875 0.09861111111111111
0 0.888671875 0.46458333333333335 0.02421875 0.04861111111111111
0 0.0140625 0.4930555555555556 0.0171875 0.03888888888888889
0 0.869921875 0.46875 0.02265625 0.07916666666666666
0 0.83671875 0.4756944444444444 0.0203125 0.10138888888888889
0 0.66875 0.48194444444444445 0.01953125 0.09722222222222222
0 0.3640625 0.49166666666666664 0.0234375 0.10138888888888889
0 0.42890625 0.49375 0.0265625 0.11666666666666667
0 0.52265625 0.49236111111111114 0.02109375 0.10555555555555556
0 0.5515625 0.4986111111111111 0.01875 0.09583333333333334
0 0.8125 0.4930555555555556 0.01953125 0.06111111111111111
0 0.72265625 0.49722222222222223 0.0171875 0.09722222222222222
0 0.6953125 0.49930555555555556 0.0265625 0.10972222222222222
0 0.8640625 0.49722222222222223 0.0234375 0.09027777777777778
0 0.903125 0.49722222222222223 0.01953125 0.075
0 0.8875 0.5020833333333333 0.01484375 0.07916666666666666
0 0.29765625 0.5229166666666667 0.02734375 0.10416666666666667
0 0.728125 0.5097222222222222 0.01953125 0.11527777777777778
0 0.65078125 0.5118055555555555 0.02734375 0.11666666666666667
0 0.033203125 0.5354166666666667 0.0234375 0.12638888888888888
0 0.77578125 0.5125 0.02265625 0.10416666666666667
0 0.760546875 0.5180555555555556 0.01875 0.10555555555555556
0 0.475390625 0.5340277777777778 0.02265625 0.10277777777777777
0 0.224609375 0.5513888888888889 0.02421875 0.10277777777777777
0 0.963671875 0.5298611111111111 0.02421875 0.12222222222222222
0 0.948828125 0.5388888888888889 0.02109375 0.13055555555555556
0 0.416015625 0.5611111111111111 0.0421875 0.13472222222222222
0 0.589453125 0.5555555555555556 0.02421875 0.11666666666666667
0 0.0140625 0.5763888888888888 0.0265625 0.16111111111111112
0 0.812890625 0.5513888888888889 0.02890625 0.12083333333333333
0 0.86953125 0.5569444444444445 0.02890625 0.12361111111111112
0 0.546875 0.5708333333333333 0.03203125 0.1125
0 0.93671875 0.5590277777777778 0.02109375 0.12222222222222222
0 0.921875 0.5618055555555556 0.02578125 0.11388888888888889
0 0.4546875 0.5777777777777777 0.02578125 0.14305555555555555
0 0.871875 0.5743055555555555 0.03828125 0.12916666666666668
0 0.97421875 0.5729166666666666 0.03671875 0.13472222222222222
0 0.899609375 0.5972222222222222 0.03203125 0.13194444444444445
0 0.482421875 0.6118055555555556 0.02109375 0.1375
0 0.147265625 0.6347222222222222 0.028125 0.12916666666666668
0 0.109375 0.6520833333333333 0.0265625 0.14444444444444443
0 0.2703125 0.6625 0.02890625 0.14027777777777778
0 0.29765625 0.6673611111111111 0.025 0.14722222222222223
0 0.120703125 0.6979166666666666 0.02578125 0.15694444444444444
0 0.242578125 0.6958333333333333 0.04296875 0.1597222222222222
0 0.139453125 0.7027777777777777 0.025 0.15
0 0.920703125 0.6979166666666666 0.03515625 0.17916666666666667
0 0.543359375 0.7097222222222223 0.02578125 0.16944444444444445
0 0.512109375 0.7131944444444445 0.03125 0.14305555555555555
0 0.58203125 0.7305555555555555 0.0328125 0.1736111111111111
0 0.39453125 0.7520833333333333 0.05625 0.1875
0 0.30546875 0.8173611111111111 0.0375 0.1875
0 0.265625 0.8215277777777777 0.0375 0.19027777777777777
0 0.96328125 0.8131944444444444 0.0390625 0.18055555555555555
0 0.4109375 0.8333333333333334 0.04296875 0.16944444444444445
0 0.344140625 0.8423611111111111 0.040625 0.1875
0 0.462890625 0.8472222222222222 0.0421875 0.2
0 0.578515625 0.8479166666666667 0.03203125 0.22083333333333333
0 0.509765625 0.8569444444444444 0.03671875 0.21388888888888888
0 0.219140625 0.8715277777777778 0.0390625 0.20833333333333334
0 0.745703125 0.8576388888888888 0.04375 0.19305555555555556
0 0.074609375 0.8840277777777777 0.05078125 0.21388888888888888
0 0.1765625 0.8840277777777777 0.04609375 0.18194444444444444
0 0.7953125 0.8979166666666667 0.04140625 0.18472222222222223
0 0.126953125 0.9305555555555556 0.04453125 0.1361111111111111
0 0.38203125 0.9388888888888889 0.05 0.11944444444444445
0 0.423046875 0.9402777777777778 0.04453125 0.11666666666666667