0 0.42265625 0.7055555555555556 0.01640625 0.08055555555555556
0 0.405859375 0.7298611111111111 0.02421875 0.14166666666666666
0 0.280078125 0.7645833333333333 0.03515625 0.1736111111111111
0 0.715234375 0.7152777777777778 0.04765625 0.20416666666666666
0 0.179296875 0.8180555555555555 0.03984375 0.18472222222222223
0 0.6984375 0.7215277777777778 0.0796875 0.22083333333333333
0 0.903515625 0.6826388888888889 0.05703125 0.24027777777777778
0 0.77890625 0.7118055555555556 0.04921875 0.20416666666666666
0 0.9375 0.6875 0.04375 0.22083333333333333
0 0.606640625 0.7597222222222222 0.07265625 0.30833333333333335
0 0.3953125 0.8 0.0484375 0.25555555555555554
0 0.347265625 0.8145833333333333 0.04765625 0.25833333333333336
0 0.6515625 0.7680555555555556 0.06640625 0.2722222222222222
0 0.55234375 0.7875 0.0375 0.09305555555555556
0 0.878515625 0.7263888888888889 0.08046875 0.30833333333333335
0 0.837109375 0.7416666666666667 0.0625 0.26805555555555555
0 0.961328125 0.7229166666666667 0.07578125 0.3486111111111111
0 0.37265625 0.8416666666666667 0.075 0.3138888888888889
0 0.3125 0.8569444444444444 0.071875 0.2833333333333333