0 0.8828125 0.4076388888888889 0.190625 0.8152777777777778
0 0.540625 0.5972222222222222 0.20546875 0.6277777777777778
0 0.728125 0.5263888888888889 0.19921875 0.6222222222222222
0 0.865625 0.46805555555555556 0.1125 0.4777777777777778
0 0.839453125 0.49930555555555556 0.128125 0.4666666666666667
0 0.437890625 0.7006944444444444 0.1421875 0.4444444444444444
0 0.669140625 0.6194444444444445 0.08359375 0.2652777777777778
0 0.630078125 0.64375 0.06796875 0.2361111111111111
0 0.159765625 0.8763888888888889 0.090625 0.22361111111111112
0 0.144921875 0.8909722222222223 0.05 0.1736111111111111
0 0.219921875 0.8590277777777777 0.08515625 0.2222222222222222