0 0.3265625 0.3875 0.08515625 0.4527777777777778
0 0.91875 0.39166666666666666 0.02890625 0.14166666666666666
0 0.89375 0.3958333333333333 0.025 0.12916666666666668
0 0.94765625 0.4027777777777778 0.02421875 0.11527777777777778
0 0.390625 0.49027777777777776 0.053125 0.24722222222222223
0 0.8609375 0.5027777777777778 0.07421875 0.38472222222222224
0 0.66953125 0.5472222222222223 0.10078125 0.41805555555555557
0 0.084375 0.5513888888888889 0.06953125 0.38055555555555554
0 0.5078125 0.5638888888888889 0.09921875 0.44305555555555554
0 0.79140625 0.5930555555555556 0.125 0.5597222222222222
0 0.18125 0.6888888888888889 0.14453125 0.6152777777777778