0 0.86015625 0.36319444444444443 0.0296875 0.07361111111111111
0 0.890625 0.3770833333333333 0.0296875 0.09305555555555556
0 0.621875 0.29444444444444445 0.01796875 0.06527777777777778
0 0.96328125 0.4041666666666667 0.0296875 0.09861111111111111
0 0.943359375 0.39791666666666664 0.03359375 0.09166666666666666
0 0.748828125 0.34097222222222223 0.0234375 0.09166666666666666
0 0.565625 0.2861111111111111 0.02734375 0.09722222222222222
0 0.76328125 0.35 0.0234375 0.09444444444444444
0 0.551953125 0.2861111111111111 0.01953125 0.075
0 0.14140625 0.18055555555555555 0.03125 0.10555555555555556
0 0.07265625 0.17569444444444443 0.0265625 0.1111111111111111
0 0.48359375 0.33819444444444446 0.1 0.32222222222222224
0 0.203515625 0.39444444444444443 0.18046875 0.7361111111111112
0 0.233984375 0.4375 0.20234375 0.8027777777777778
0 0.652734375 0.5583333333333333 0.23359375 0.8805555555555555
0 0.364453125 0.5208333333333334 0.22890625 0.9027777777777778