0 0.687109375 0.8736111111111111 0.11015625 0.25
0 0.44765625 0.7861111111111111 0.1171875 0.31666666666666665
0 0.4828125 0.8069444444444445 0.07265625 0.2652777777777778
0 0.180859375 0.675 0.07109375 0.2777777777777778
0 0.525390625 0.8305555555555556 0.08359375 0.24722222222222223
0 0.39609375 0.775 0.08046875 0.24166666666666667
0 0.28046875 0.7263888888888889 0.06328125 0.24444444444444444
0 0.580859375 0.8590277777777777 0.07421875 0.27361111111111114
0 0.60625 0.8659722222222223 0.0921875 0.2652777777777778
0 0.23515625 0.7076388888888889 0.10390625 0.3013888888888889
0 0.332421875 0.7520833333333333 0.10234375 0.2777777777777778
0 0.78359375 0.9069444444444444 0.09375 0.18333333333333332
0 0.26875 0.725 0.09765625 0.28888888888888886
0 0.1390625 0.6694444444444444 0.09765625 0.2791666666666667
0 0.683984375 0.8854166666666666 0.10390625 0.2263888888888889
0 0.08515625 0.6451388888888889 0.07734375 0.275
0 0.212109375 0.7027777777777777 0.10859375 0.31805555555555554
0 0.739453125 0.8979166666666667 0.08046875 0.2013888888888889
0 0.16328125 0.6840277777777778 0.06953125 0.2388888888888889
0 0.414453125 0.7958333333333333 0.10234375 0.2777777777777778
0 0.84140625 0.925 0.0796875 0.14722222222222223
0 0.56328125 0.8645833333333334 0.11015625 0.25277777777777777
0 0.839453125 0.9319444444444445 0.06796875 0.13333333333333333
0 0.3640625 0.7791666666666667 0.078125 0.2513888888888889
0 0.644921875 0.88125 0.10859375 0.23472222222222222
0 0.80625 0.9263888888888889 0.059375 0.14444444444444443
0 0.096484375 0.6729166666666667 0.11171875 0.2791666666666667