0 0.793359375 0.34444444444444444 0.03359375 0.1375
0 0.773046875 0.3597222222222222 0.0328125 0.14305555555555555
0 0.75234375 0.39444444444444443 0.05390625 0.20833333333333334
0 0.5046875 0.4597222222222222 0.0234375 0.1111111111111111
0 0.483984375 0.46944444444444444 0.02890625 0.12638888888888888
0 0.3921875 0.5131944444444444 0.059375 0.2388888888888889
0 0.448046875 0.5236111111111111 0.07109375 0.2986111111111111
0 0.171875 0.5416666666666666 0.34375 0.9138888888888889
0 0.934765625 0.49583333333333335 0.103125 0.5138888888888888
0 0.973046875 0.5 0.05234375 0.6111111111111112
0 0.56328125 0.6013888888888889 0.146875 0.6180555555555556
0 0.36640625 0.6423611111111112 0.13046875 0.5555555555555556
0 0.700390625 0.5923611111111111 0.16484375 0.6541666666666667
0 0.88046875 0.5826388888888889 0.1859375 0.7138888888888889