0 0.149609375 0.23819444444444443 0.071875 0.24444444444444444
0 0.8203125 0.5333333333333333 0.11328125 0.22361111111111112
0 0.88203125 0.5659722222222222 0.0984375 0.3
0 0.746875 0.5333333333333333 0.078125 0.18055555555555555
0 0.60546875 0.5722222222222222 0.2375 0.5833333333333334
0 0.088671875 0.41458333333333336 0.17734375 0.4930555555555556
0 0.2515625 0.4798611111111111 0.24296875 0.5097222222222222
0 0.89296875 0.7305555555555555 0.2125 0.4888888888888889
0 0.43671875 0.5611111111111111 0.12265625 0.4444444444444444
0 0.51015625 0.5888888888888889 0.10625 0.4388888888888889
0 0.70546875 0.6645833333333333 0.15859375 0.45416666666666666
0 0.817578125 0.7083333333333334 0.1453125 0.43194444444444446
0 0.16796875 0.4638888888888889 0.14453125 0.44305555555555554
0 0.360546875 0.5506944444444445 0.13515625 0.4152777777777778