0 0.47890625 0.5763888888888888 0.15859375 0.6694444444444444
0 0.144140625 0.46458333333333335 0.20078125 0.675
0 0.11796875 0.45694444444444443 0.14296875 0.5708333333333333
0 0.33046875 0.5305555555555556 0.23671875 0.8347222222222223
0 0.909765625 0.4701388888888889 0.078125 0.3375
0 0.732421875 0.5888888888888889 0.11640625 0.5680555555555555
0 0.831640625 0.6555555555555556 0.14140625 0.55
0 0.591015625 0.5777777777777777 0.14296875 0.5541666666666667
0 0.425 0.5305555555555556 0.1265625 0.6027777777777777
0 0.60390625 0.5979166666666667 0.15078125 0.6208333333333333
0 0.78671875 0.6527777777777778 0.228125 0.6916666666666667
0 0.673828125 0.6263888888888889 0.1625 0.5722222222222222