0 0.759375 0.37430555555555556 0.02890625 0.10416666666666667
0 0.6421875 0.3548611111111111 0.0453125 0.19305555555555556
0 0.731640625 0.3958333333333333 0.0546875 0.1986111111111111
0 0.669921875 0.3770833333333333 0.0828125 0.32916666666666666
0 0.60546875 0.3625 0.07890625 0.29583333333333334
0 0.5703125 0.34791666666666665 0.1046875 0.3541666666666667
0 0.78046875 0.4395833333333333 0.09375 0.2611111111111111
0 0.392578125 0.29444444444444445 0.14296875 0.5888888888888889
0 0.70078125 0.4173611111111111 0.07109375 0.25972222222222224
0 0.8796875 0.49722222222222223 0.18828125 0.49722222222222223
0 0.111328125 0.2881944444444444 0.22265625 0.5763888888888888
0 0.911328125 0.5493055555555556 0.17578125 0.5402777777777777
0 0.278515625 0.3888888888888889 0.31953125 0.7777777777777778