0 0.130078125 0.45625 0.04375 0.18888888888888888
0 0.097265625 0.45555555555555555 0.05078125 0.19305555555555556
0 0.38671875 0.5701388888888889 0.06328125 0.33055555555555555
0 0.1671875 0.5041666666666667 0.07109375 0.2902777777777778
0 0.826953125 0.7166666666666667 0.1953125 0.5277777777777778
0 0.412109375 0.59375 0.0796875 0.37777777777777777
0 0.693359375 0.6875 0.1640625 0.5291666666666667
0 0.22890625 0.5458333333333333 0.13671875 0.44305555555555554
0 0.5265625 0.6409722222222223 0.10546875 0.42916666666666664
0 0.303125 0.5722222222222222 0.10234375 0.43333333333333335
0 0.570703125 0.6576388888888889 0.08203125 0.39444444444444443
0 0.615234375 0.6881944444444444 0.1296875 0.5527777777777778
0 0.4640625 0.6479166666666667 0.16015625 0.55
0 0.347265625 0.6229166666666667 0.10625 0.4791666666666667