0 0.292578125 0.18541666666666667 0.0609375 0.12916666666666668
0 0.603125 0.36319444444444443 0.065625 0.24444444444444444
0 0.669140625 0.3854166666666667 0.0640625 0.2611111111111111
0 0.5359375 0.35347222222222224 0.06015625 0.24027777777777778
0 0.68984375 0.4027777777777778 0.04921875 0.2361111111111111
0 0.821484375 0.4597222222222222 0.11640625 0.45555555555555555
0 0.707421875 0.4395833333333333 0.0953125 0.37916666666666665
0 0.866015625 0.49027777777777776 0.0734375 0.3527777777777778
0 0.73203125 0.45416666666666666 0.09921875 0.36944444444444446
0 0.7796875 0.4777777777777778 0.08203125 0.3486111111111111
0 0.635546875 0.4354166666666667 0.07890625 0.30694444444444446
0 0.904296875 0.54375 0.0828125 0.45416666666666666
0 0.15546875 0.38333333333333336 0.11796875 0.55
0 0.119140625 0.3888888888888889 0.13203125 0.6819444444444445