0 0.034375 0.6756944444444445 0.06640625 0.36944444444444446
0 0.25 0.6743055555555556 0.065625 0.37916666666666665
0 0.1546875 0.6798611111111111 0.06484375 0.38472222222222224
0 0.094140625 0.6902777777777778 0.0609375 0.35694444444444445
0 0.432421875 0.6826388888888889 0.05078125 0.40694444444444444
0 0.563671875 0.6868055555555556 0.075 0.4
0 0.366015625 0.6958333333333333 0.06796875 0.3625
0 0.865234375 0.6833333333333333 0.05234375 0.35138888888888886
0 0.666015625 0.6951388888888889 0.08671875 0.4527777777777778
0 0.802734375 0.69375 0.0671875 0.3902777777777778
0 0.476171875 0.70625 0.06015625 0.39166666666666666
0 0.289453125 0.7173611111111111 0.0640625 0.3402777777777778
0 0.892578125 0.7083333333333334 0.10625 0.4166666666666667
0 0.73125 0.7180555555555556 0.05234375 0.3625
0 0.7671875 0.7222222222222222 0.0875 0.425