0 0.2671875 0.24722222222222223 0.0515625 0.11666666666666667
0 0.58984375 0.33611111111111114 0.04609375 0.2361111111111111
0 0.65703125 0.33958333333333335 0.0421875 0.25416666666666665
0 0.52265625 0.3451388888888889 0.040625 0.23333333333333334
0 0.67890625 0.35138888888888886 0.0296875 0.23194444444444445
0 0.813671875 0.37083333333333335 0.0796875 0.44166666666666665
0 0.699609375 0.38263888888888886 0.0640625 0.3680555555555556
0 0.860546875 0.3888888888888889 0.04375 0.3472222222222222
0 0.725390625 0.3902777777777778 0.06875 0.35555555555555557
0 0.774609375 0.4 0.053125 0.3402777777777778
0 0.628515625 0.39861111111111114 0.05390625 0.2972222222222222
0 0.903125 0.4305555555555556 0.04453125 0.45
0 0.14921875 0.48055555555555557 0.071875 0.5388888888888889
0 0.1140625 0.4965277777777778 0.0734375 0.6722222222222223