0 0.321484375 0.6104166666666667 0.05234375 0.10972222222222222
0 0.38125 0.6347222222222222 0.0171875 0.07361111111111111
0 0.182421875 0.58125 0.02421875 0.08611111111111111
0 0.3875 0.6520833333333333 0.02109375 0.07222222222222222
0 0.357421875 0.65 0.03984375 0.15555555555555556
0 0.683203125 0.7902777777777777 0.09453125 0.39861111111111114
0 0.51171875 0.7430555555555556 0.078125 0.3375
0 0.765234375 0.8166666666666667 0.09140625 0.3638888888888889
0 0.638671875 0.7972222222222223 0.08828125 0.36944444444444446
0 0.5421875 0.76875 0.0921875 0.3611111111111111
0 0.413671875 0.7395833333333334 0.12265625 0.38472222222222224
0 0.83125 0.8222222222222222 0.1375 0.3527777777777778
0 0.57734375 0.80625 0.08046875 0.35833333333333334
0 0.48203125 0.8090277777777778 0.09609375 0.30277777777777776