0 0.7421875 0.2763888888888889 0.05390625 0.11944444444444445
0 0.416796875 0.32569444444444445 0.05078125 0.2388888888888889
0 0.349609375 0.32013888888888886 0.046875 0.25555555555555554
0 0.48359375 0.3423611111111111 0.0453125 0.23472222222222222
0 0.32734375 0.3298611111111111 0.034375 0.23333333333333334
0 0.1921875 0.33194444444444443 0.0875 0.44583333333333336
0 0.30546875 0.35833333333333334 0.07109375 0.37222222222222223
0 0.14453125 0.34444444444444444 0.05078125 0.3486111111111111
0 0.2796875 0.3625 0.07578125 0.3597222222222222
0 0.230078125 0.36666666666666664 0.06015625 0.34305555555555556
0 0.37578125 0.38263888888888886 0.059375 0.3
0 0.10078125 0.38055555555555554 0.053125 0.4513888888888889
0 0.850390625 0.5243055555555556 0.08203125 0.5430555555555555
0 0.88515625 0.5444444444444444 0.08671875 0.6763888888888889