0 0.7578125 0.4305555555555556 0.140625 0.8611111111111112
0 0.38828125 0.4756944444444444 0.146875 0.7083333333333334
0 0.84609375 0.43680555555555556 0.10078125 0.5861111111111111
0 0.490234375 0.4909722222222222 0.09609375 0.5638888888888889
0 0.7078125 0.4888888888888889 0.0609375 0.37916666666666665
0 0.632421875 0.5083333333333333 0.0703125 0.39444444444444443
0 0.674609375 0.5090277777777777 0.05078125 0.3055555555555556
0 0.317578125 0.5479166666666667 0.08671875 0.37222222222222223
0 0.1859375 0.5708333333333333 0.05859375 0.24166666666666667
0 0.226171875 0.5798611111111112 0.02109375 0.09444444444444444
0 0.127734375 0.6138888888888889 0.02421875 0.11805555555555555