0 0.0328125 0.6611111111111111 0.0625 0.3680555555555556
0 0.2484375 0.6666666666666666 0.06171875 0.37777777777777777
0 0.153125 0.6694444444444444 0.0609375 0.38333333333333336
0 0.0921875 0.6777777777777778 0.0578125 0.35555555555555557
0 0.43046875 0.6805555555555556 0.046875 0.40555555555555556
0 0.56171875 0.6888888888888889 0.07109375 0.3972222222222222
0 0.3640625 0.6916666666666667 0.0640625 0.3611111111111111
0 0.86328125 0.6944444444444444 0.04921875 0.35
0 0.6640625 0.7 0.08203125 0.45
0 0.80078125 0.7027777777777777 0.06328125 0.3888888888888889
0 0.47421875 0.7055555555555556 0.05625 0.3902777777777778
0 0.2875 0.7111111111111111 0.0609375 0.3388888888888889
0 0.890625 0.7208333333333333 0.10234375 0.41388888888888886
0 0.72890625 0.725 0.0484375 0.3611111111111111
0 0.76484375 0.7305555555555555 0.08359375 0.4222222222222222