0 0.2046875 0.5145833333333333 0.03671875 0.13194444444444445
0 0.623828125 0.6180555555555556 0.08671875 0.43333333333333335
0 0.90546875 0.5486111111111112 0.07109375 0.30694444444444446
0 0.41171875 0.6791666666666667 0.084375 0.37222222222222223
0 0.444140625 0.6736111111111112 0.078125 0.36666666666666664
0 0.352734375 0.7006944444444444 0.11015625 0.5361111111111111
0 0.175390625 0.7347222222222223 0.15859375 0.5277777777777778
0 0.858203125 0.5805555555555556 0.084375 0.3958333333333333
0 0.146875 0.7638888888888888 0.0953125 0.44583333333333336
0 0.785546875 0.6069444444444444 0.06875 0.37222222222222223
0 0.590625 0.6569444444444444 0.08046875 0.40555555555555556
0 0.82890625 0.5986111111111111 0.10703125 0.3875
0 0.309765625 0.7298611111111111 0.05625 0.4263888888888889
0 0.695703125 0.6388888888888888 0.06953125 0.3763888888888889
0 0.6546875 0.6506944444444445 0.11015625 0.4222222222222222
0 0.55 0.68125 0.1046875 0.4236111111111111
0 0.7265625 0.6423611111111112 0.1078125 0.3861111111111111
0 0.478125 0.7104166666666667 0.096875 0.44305555555555554
0 0.278125 0.7590277777777777 0.121875 0.4791666666666667
0 0.257421875 0.7722222222222223 0.0796875 0.4305555555555556