0 0.854296875 0.6944444444444444 0.04609375 0.18888888888888888
0 0.884765625 0.7152777777777778 0.05234375 0.19444444444444445
0 0.59140625 0.6375 0.06640625 0.33055555555555555
0 0.809765625 0.7159722222222222 0.0734375 0.2902777777777778
0 0.151171875 0.49375 0.2 0.5305555555555556
0 0.56328125 0.64375 0.08359375 0.37777777777777777
0 0.281640625 0.5520833333333334 0.16875 0.5305555555555556
0 0.74375 0.7159722222222222 0.13984375 0.4444444444444444
0 0.446875 0.6145833333333334 0.109375 0.4305555555555556
0 0.669140625 0.6930555555555555 0.10625 0.43472222222222223
0 0.401953125 0.6020833333333333 0.0859375 0.39444444444444443
0 0.354296875 0.6027777777777777 0.13515625 0.5527777777777778
0 0.50390625 0.6611111111111111 0.16484375 0.5513888888888889
0 0.617578125 0.7118055555555556 0.1109375 0.4791666666666667