0 0.250390625 0.40625 0.19921875 0.8125
0 0.6125 0.5 0.19296875 0.7263888888888889
0 0.160546875 0.3625 0.1390625 0.5958333333333333
0 0.51015625 0.4930555555555556 0.1328125 0.5736111111111111
0 0.29453125 0.44375 0.0859375 0.38472222222222224
0 0.36796875 0.4798611111111111 0.0953125 0.4013888888888889
0 0.326171875 0.4708333333333333 0.07109375 0.30972222222222223
0 0.677734375 0.5868055555555556 0.11015625 0.38333333333333336
0 0.806640625 0.6381944444444444 0.07421875 0.25
0 0.76640625 0.6381944444444444 0.02734375 0.09722222222222222
0 0.86171875 0.69375 0.03203125 0.12083333333333333