0 0.66953125 0.6486111111111111 0.046875 0.10138888888888889
0 0.60859375 0.6597222222222222 0.0125 0.07361111111111111
0 0.809375 0.6493055555555556 0.01875 0.08333333333333333
0 0.6015625 0.6756944444444445 0.0171875 0.06944444444444445
0 0.63125 0.6798611111111111 0.03046875 0.1527777777777778
0 0.2984375 0.7479166666666667 0.06875 0.3902777777777778
0 0.471875 0.7388888888888889 0.05625 0.33194444444444443
0 0.214453125 0.76875 0.065625 0.38055555555555554
0 0.341796875 0.7652777777777777 0.0640625 0.3625
0 0.439453125 0.7576388888888889 0.06953125 0.3541666666666667
0 0.56953125 0.75625 0.09921875 0.37083333333333335
0 0.145703125 0.7881944444444444 0.10859375 0.42083333333333334
0 0.401953125 0.7875 0.05703125 0.3527777777777778
0 0.496484375 0.8104166666666667 0.078125 0.2916666666666667