0 0.646484375 0.7125 0.05234375 0.10972222222222222
0 0.5859375 0.6986111111111111 0.0171875 0.07361111111111111
0 0.7828125 0.7694444444444445 0.02421875 0.08611111111111111
0 0.5765625 0.7118055555555556 0.02109375 0.07222222222222222
0 0.605078125 0.7277777777777777 0.03984375 0.15555555555555556
0 0.272265625 0.6611111111111111 0.09453125 0.39861111111111114
0 0.4421875 0.7215277777777778 0.078125 0.3375
0 0.187890625 0.6472222222222223 0.090625 0.3875
0 0.3125 0.6951388888888889 0.08828125 0.36944444444444446
0 0.40859375 0.7263888888888889 0.0921875 0.3611111111111111
0 0.53515625 0.7777777777777778 0.12265625 0.38472222222222224
0 0.115625 0.6576388888888889 0.13671875 0.4722222222222222
0 0.368359375 0.7409722222222223 0.08046875 0.35833333333333334
0 0.457421875 0.8013888888888889 0.09609375 0.30277777777777776