0 0.208203125 0.41458333333333336 0.03125 0.12916666666666668
0 0.608984375 0.6576388888888889 0.06640625 0.42777777777777776
0 0.892578125 0.6854166666666667 0.05703125 0.3013888888888889
0 0.394140625 0.6458333333333334 0.0671875 0.36666666666666664
0 0.4265625 0.6513888888888889 0.0609375 0.3611111111111111
0 0.33359375 0.6472222222222223 0.08515625 0.5291666666666667
0 0.154296875 0.6333333333333333 0.1328125 0.5402777777777777
0 0.84296875 0.7 0.065625 0.3902777777777778
0 0.125 0.6388888888888888 0.07421875 0.44027777777777777
0 0.76875 0.7013888888888888 0.0515625 0.3680555555555556
0 0.571875 0.6847222222222222 0.06171875 0.4013888888888889
0 0.812109375 0.7083333333333334 0.08984375 0.37916666666666665
0 0.288671875 0.6611111111111111 0.0359375 0.4263888888888889
0 0.676953125 0.7027777777777777 0.0515625 0.37222222222222223
0 0.635546875 0.7006944444444444 0.090625 0.41388888888888886
0 0.529296875 0.6944444444444444 0.08515625 0.4166666666666667
0 0.70703125 0.7166666666666667 0.090625 0.3763888888888889
0 0.455859375 0.6986111111111111 0.0765625 0.4375
0 0.253515625 0.68125 0.0984375 0.475
0 0.232421875 0.6854166666666667 0.059375 0.42777777777777776