0 0.81171875 0.6069444444444444 0.02109375 0.10416666666666667
0 0.76796875 0.6013888888888889 0.03125 0.10138888888888889
0 0.378515625 0.5479166666666667 0.03828125 0.2111111111111111
0 0.67109375 0.6243055555555556 0.05390625 0.25277777777777777
0 0.70390625 0.6305555555555555 0.0515625 0.24027777777777778
0 0.57578125 0.6152777777777778 0.05234375 0.2569444444444444
0 0.402734375 0.59375 0.084375 0.3138888888888889
0 0.16796875 0.5680555555555555 0.065625 0.2611111111111111
0 0.1328125 0.5638888888888889 0.05 0.2986111111111111
0 0.239453125 0.5819444444444445 0.0796875 0.30694444444444446
0 0.49609375 0.6263888888888889 0.0625 0.2222222222222222
0 0.32890625 0.6 0.05703125 0.275