0 0.184375 0.5583333333333333 0.01640625 0.10138888888888889
0 0.228125 0.5597222222222222 0.0265625 0.09722222222222222
0 0.61875 0.5666666666666667 0.028125 0.20694444444444443
0 0.3234375 0.5972222222222222 0.0421875 0.24722222222222223
0 0.290625 0.5986111111111111 0.03984375 0.23472222222222222
0 0.41875 0.6027777777777777 0.03984375 0.2513888888888889
0 0.5921875 0.6083333333333333 0.06953125 0.30416666666666664
0 0.82734375 0.6194444444444445 0.053125 0.25416666666666665
0 0.8625 0.6208333333333333 0.0359375 0.29444444444444445
0 0.75546875 0.6222222222222222 0.065625 0.2972222222222222
0 0.49765625 0.6263888888888889 0.05234375 0.2152777777777778
0 0.665625 0.6263888888888889 0.04375 0.26944444444444443