0 0.78359375 0.35208333333333336 0.0390625 0.13333333333333333
0 0.402734375 0.6798611111111111 0.09453125 0.43333333333333335
0 0.123046875 0.7694444444444445 0.0765625 0.30833333333333335
0 0.615234375 0.6215277777777778 0.090625 0.375
0 0.583203125 0.6347222222222222 0.08515625 0.36666666666666664
0 0.675 0.6104166666666667 0.11953125 0.5375
0 0.85234375 0.5576388888888889 0.1671875 0.5583333333333333
0 0.1734375 0.7729166666666667 0.09140625 0.3972222222222222
0 0.881640625 0.5569444444444445 0.103125 0.44722222222222224
0 0.247265625 0.7583333333333333 0.07578125 0.37222222222222223
0 0.441015625 0.6986111111111111 0.08828125 0.40694444444444444
0 0.204296875 0.7743055555555556 0.1140625 0.3902777777777778
0 0.720703125 0.6138888888888889 0.06484375 0.4263888888888889
0 0.33828125 0.7395833333333334 0.07578125 0.3763888888888889
0 0.37890625 0.7284722222222222 0.1171875 0.425
0 0.483984375 0.6993055555555555 0.1125 0.4263888888888889
0 0.309375 0.7597222222222222 0.11484375 0.3888888888888889
0 0.557421875 0.6881944444444444 0.10546875 0.44583333333333336
0 0.75703125 0.6270833333333333 0.1296875 0.4875
0 0.778125 0.6256944444444444 0.0875 0.43194444444444446