0 0.18515625 0.4305555555555556 0.02890625 0.10555555555555556
0 0.22734375 0.44930555555555557 0.03828125 0.10555555555555556
0 0.607421875 0.6125 0.05390625 0.2125
0 0.315625 0.5243055555555556 0.07265625 0.25833333333333336
0 0.28359375 0.5125 0.06875 0.24444444444444444
0 0.4078125 0.5673611111111111 0.0703125 0.2611111111111111
0 0.576171875 0.6423611111111112 0.10625 0.3236111111111111
0 0.80390625 0.7472222222222222 0.08359375 0.26944444444444443
0 0.837890625 0.7625 0.07265625 0.3013888888888889
0 0.73359375 0.7215277777777778 0.1015625 0.31527777777777777
0 0.481640625 0.6222222222222222 0.078125 0.23055555555555557
0 0.6453125 0.6895833333333333 0.0765625 0.28055555555555556