0 0.963671875 0.6902777777777778 0.06953125 0.37222222222222223
0 0.748046875 0.6819444444444445 0.06875 0.3819444444444444
0 0.843359375 0.6909722222222222 0.06875 0.3875
0 0.90390625 0.7027777777777777 0.06484375 0.35833333333333334
0 0.566015625 0.6847222222222222 0.0546875 0.4083333333333333
0 0.434765625 0.6847222222222222 0.07890625 0.4013888888888889
0 0.63203125 0.7 0.07109375 0.36527777777777776
0 0.133203125 0.6715277777777777 0.05625 0.3527777777777778
0 0.33203125 0.6895833333333333 0.090625 0.45416666666666666
0 0.1953125 0.6840277777777778 0.07109375 0.39305555555555555
0 0.521875 0.7069444444444445 0.0640625 0.39305555555555555
0 0.708203125 0.7243055555555555 0.0671875 0.34305555555555556
0 0.10546875 0.6965277777777777 0.11015625 0.41944444444444445
0 0.266796875 0.7104166666666667 0.05546875 0.3638888888888889
0 0.230859375 0.7138888888888889 0.0921875 0.42777777777777776