0 0.24609375 0.4201388888888889 0.165625 0.8402777777777778
0 0.6125 0.4861111111111111 0.1671875 0.7166666666666667
0 0.155859375 0.4048611111111111 0.1171875 0.5916666666666667
0 0.509765625 0.49236111111111114 0.11171875 0.5680555555555555
0 0.29296875 0.46944444444444444 0.071875 0.3819444444444444
0 0.367578125 0.4965277777777778 0.08125 0.3972222222222222
0 0.325390625 0.49236111111111114 0.059375 0.30694444444444446
0 0.680859375 0.5645833333333333 0.096875 0.37777777777777777
0 0.811328125 0.6 0.065625 0.24583333333333332
0 0.77109375 0.6048611111111111 0.02421875 0.09583333333333334
0 0.868359375 0.6486111111111111 0.028125 0.11944444444444445