0 0.86953125 0.4444444444444444 0.04609375 0.18888888888888888
0 0.901953125 0.44305555555555554 0.05234375 0.19444444444444445
0 0.6140625 0.5666666666666667 0.06640625 0.33055555555555555
0 0.8328125 0.49375 0.0734375 0.2902777777777778
0 0.175390625 0.7270833333333333 0.2 0.5305555555555556
0 0.588671875 0.5909722222222222 0.08359375 0.37777777777777777
0 0.30859375 0.69375 0.16875 0.5305555555555556
0 0.771484375 0.5375 0.13984375 0.4444444444444444
0 0.475 0.6416666666666667 0.109375 0.4305555555555556
0 0.697265625 0.5659722222222222 0.10625 0.43472222222222223
0 0.430859375 0.6597222222222222 0.0859375 0.39444444444444443
0 0.386328125 0.6923611111111111 0.13515625 0.5527777777777778
0 0.5375 0.6472222222222223 0.16484375 0.5513888888888889
0 0.65390625 0.6180555555555556 0.1109375 0.4791666666666667