0 0.248046875 0.3347222222222222 0.02421875 0.10277777777777777
0 0.365234375 0.3333333333333333 0.03671875 0.19305555555555556
0 0.27421875 0.3597222222222222 0.04609375 0.19722222222222222
0 0.33671875 0.35138888888888886 0.06796875 0.3277777777777778
0 0.401953125 0.34652777777777777 0.065625 0.29444444444444445
0 0.4375 0.3375 0.0890625 0.35
0 0.2234375 0.39652777777777776 0.0828125 0.25555555555555554
0 0.618359375 0.30277777777777776 0.11484375 0.6055555555555555
0 0.30390625 0.3861111111111111 0.06015625 0.2569444444444444
0 0.121875 0.4388888888888889 0.16875 0.4847222222222222
0 0.903125 0.31666666666666665 0.1921875 0.6333333333333333
0 0.0828125 0.48333333333333334 0.165625 0.525
0 0.7296875 0.40069444444444446 0.2828125 0.8013888888888889