0 0.756640625 0.35833333333333334 0.0265625 0.10416666666666667
0 0.639453125 0.3458333333333333 0.04140625 0.19305555555555556
0 0.729296875 0.38125 0.0515625 0.1986111111111111
0 0.6671875 0.36666666666666664 0.0765625 0.32916666666666666
0 0.60234375 0.35555555555555557 0.0734375 0.29583333333333334
0 0.5671875 0.34375 0.0984375 0.3527777777777778
0 0.77890625 0.4222222222222222 0.08984375 0.25972222222222224
0 0.387890625 0.29791666666666666 0.13203125 0.5958333333333333
0 0.69921875 0.4048611111111111 0.06640625 0.25972222222222224
0 0.879296875 0.47430555555555554 0.18046875 0.4930555555555556
0 0.10546875 0.29930555555555555 0.2109375 0.5986111111111111
0 0.913671875 0.5229166666666667 0.17109375 0.5347222222222222
0 0.275390625 0.39375 0.30546875 0.7875