16 0.47890625 0.696875 0.26640625 0.4125
16 0.42421875 0.5859375 0.334375 0.21875
16 0.57265625 0.5421875 0.32421875 0.246875
16 0.909375 0.48515625 0.18125 0.2765625
16 0.8 0.31015625 0.19140625 0.2546875
16 0.54296875 0.16328125 0.375 0.2359375
16 0.371875 0.28203125 0.26640625 0.2828125
16 0.16953125 0.4328125 0.33125 0.284375
16 0.2140625 0.175 0.26953125 0.26875
16 0.54296875 0.19296875 0.34765625 0.2515625
16 0.8453125 0.12890625 0.309375 0.1953125
16 0.58046875 0.08046875 0.28359375 0.1609375
