16 0.55546875 0.69296875 0.3453125 0.4625
16 0.5890625 0.571875 0.375 0.2828125
16 0.4328125 0.55703125 0.3703125 0.309375
16 0.10234375 0.5609375 0.2046875 0.309375
16 0.1609375 0.36953125 0.240625 0.290625
16 0.3890625 0.17265625 0.41875 0.3078125
16 0.58203125 0.25859375 0.3203125 0.334375
16 0.81015625 0.36953125 0.3796875 0.3484375
16 0.71796875 0.140625 0.3203125 0.28125
16 0.39453125 0.203125 0.3953125 0.31875
16 0.12734375 0.19453125 0.2546875 0.2515625
16 0.3359375 0.10234375 0.3125 0.2046875
